-81,-81,-81,-81,-81,-81,-81,-81,-81,-81,-81,-81,-81,-81,-81,-81,-81,-81,-81,-81,-81,-81,-81,-81,-81,-81,-81,-81,-81,-81,-81,-81,-81,-81,-81,-81,-81,-81,-81,-81,-81,-81,-81,-81,-81,-81,-81,-81,-81,-81,-81,-81,-81,-81,-81,-81,-81,-81,-81,-81,-81,-81,-81,-81,-81,-81,-81,-81,-81,-81,-81,-81,-81,-81,-81,-81,-81,-81,-81,-81,-81,-81,-81,-81,-81,-81,-81,-81,-81,-81,-81,-81,-81,-81,-81,-81,-81,-81,-81,-81,-81,-81,-81,-81,-81,-81,-81,-81,-81,-81,-81,-81,-81,-81,-81,-81,-81,-81,-81,-81,-81,-81,-81,-81,-81,-81,-81,-81,-81,-81,-81,-81,-81,-81,-81,-81,-81,-81,-81,-81,-81,-81,-81,-81,-81,-81,-81,-81,-81,-81,-81,-81,-81,-81,-81,-81,-81,-81,-81,-81,-81,-81,-81,-81,-81,-81,-81,-81,-81,-81,-81,-81,-81,-81,-81,-81,-81,-81,-81,-81,-81,-81,-81,-81,-81,-81,-81,-81,-81,-81,-81,-81,-81,-81,-81,-81,-81,-81,-81,-81,-81,-81,-81,-81,-81,-81,-81,-80,-80,-80,-80,-80,-80,-80,-80,-80,-80,-80,-80,-80,-80,-80,-80,-80,-80,-80,-80,-80,-80,-80,-80,-80,-80,-80,-80,-80,-80,-80,-80,-80,-80,-80,-80,-80,-80,-80,-80,-80,-80,-80,-80,-81,-81,-81,-81,-81,-81,-81,-81,-81,-81,-81,-81,-81,-81,-81,-81,-81,-81,-81,-81,-81,-81,-81,-81,-81,-81,-81,-81,-81,-81,-81,-81,-81,-81,-81,-81,-81,-81,-81,-81,-81,-81,-81,-81,-81,-80,-80,-80,-80,-80,-80,-80,-80,-80,-80,-80,-80,-80,-80,-80,-80,-80,-80,-80,-80,-80,-80,-80,-80,-80,-80,-80,-80,-80,-80,-80,-80,-80,-80,-80,-80,-80,-80,-80,-80,-80,-80,-80,-81,-81,-81,-81,-81,-81,-81,-81,-81,-81,-81,-81,-81,-81,-81,-81,-81,-81,-81,-81,-81,-81,-81,-81,-81,-81,-81,-81,-81,-81,-81,-81,-81,-81,-81,-81,-81,-81,-81,-81,-81,-81,-81,-81,-81,-81,-81,-81,-81,-81,-81,-81,-81,-81,-81,-81,-81,-81,-81,-81,-81,-81,-81,-81,-81,-81,-79,-79,-79,-79,-79,-79,-79,-79,-79,-79,-79,-79,-79,-79,-80,-80,-80,-80,-80,-80,-80,-80,-80,-80,-80,-80,-80,-80,-80,-80,-80,-80,-80,-80,-80,-80,-80,-80,-80,-80,-80,-80,-80,-80,-80,-80,-80,-80,-80,-80,-80,-80,-80,-80,-80,-80,-80,-80,-80,-80,-80,-80,-80,-80,-80,-80,-80,-80,-80,-80,-80,-80,-80,-80,-80,-80,-80,-80,-80,-80,-80,-80,-80,-80,-80,-82,-82,-82,-82,-82,-82,-82,-82,-82,-82,-82,-82,-82,-82,-82,-82,-82,-82,-82,-82,-82,-82,-82,-82,-82,-82,-82,-82,-82,-82,-82,-82,-82,-82,-82,-82,-82,-82,-82,-82,-82,-82,-82,-82,-82,-82,-82,-82,-82,-82,-82,-82,-82,-81,-81,-81,-81,-81,-81,-81,-81,-81,-81,-81,-81,-81,-81,-81,-81,-81,-81,-81,-81,-81,-81,-81,-81,-81,-81,-81,-81,-81,-81,-81,-81,-81,-81,-81,-81,-81,-81,-81,-81,-81,-81,-81,-81,-81,-81,-81,-81,-81,-81,-81,-81,-81,-81,-81,-81,-81,-81,-81,-81,-81,-81,-81,-81,-81,-81,-81,-81,-81,-81,-81,-81,-81,-81,-81,-81,-81,-81,-81,-81,-81,-81,-81,-81,-81,-82,-82,-82,-82,-82,-82,-82,-82,-82,-82,-82,-82,-82,-82,-82,-82,-82,-82,-82,-82,-82,-82,-82,-82,-82,-82,-82,-82,-82,-82,-82,-82,-80,-80,-80,-80,-80,-80,-80,-80,-80,-80,-80,-80,-80,-80,-80,-80,-80,-80,-80,-80,-80,-80,-80,-80,-80,-80,-80,-80,-80,-80,-80,-80,-80,-80,-80,-80,-80,-80,-80,-80,-80,-80,-80,-80,-80,-80,-80,-80,-80,-80,-80,-80,-80,-80,-80,-80,-80,-80,-80,-80,-80,-80,-80,-80,-80,-80,-80,-80,-80,-80,-80,-80,-80,-80,-80,-80,-80,-80,-80,-80,-80,-80,-80,-80,-80,-80,-80,-80,-80,-80,-80,-80,-80,-80,-80,-81,-81,-81,-81,-81,-81,-81,-81,-81,-81,-81,-81,-81,-81,-81,-81,-81,-81,-81,-81,-81,-81,-81,-81,-81,-81,-81,-81,-81,-81,-81,-81,-81,-81,-81,-81,-81,-81,-81,-81,-81,-81,-81,-81,-81,-81,-81,-81,-81,-81,-81,-81,-81,-81,-81,-81,-81,-81,-81,-81,-81,-81,-81,-81,-81,-81,-81,-81,-81,-81,-81,-81,-81,-81,-81,-81,-81,-81,-81,-81,-81,-81,-81,-81,-81,-81,-81,-81,-81,-81,-81,-81,-81,-81,-81,-81,-81,-81,-81,-81,-81,-81,-81,-81,-81,-81,-81,-81,-81,-81,-81,-81,-81,-81,-81,-81,-81,-81,-81,-81,-81,-81,-81,-81,-81,-81,-81,-81,-81,-81,-81,-81,-81,-81,-81,-81,-81,-81,-81,-81,-81,-81,-81,-81,-81,-81,-81,-81,-81,-81,-81,-81,-81,-81,-81,-81,-81,-81,-81,-81,-81,-81,-81,-81,-81,-81,-81,-81,-81,-81,-81,-81,-81,-81,-81,-81,-81,-81,-81,-81,-81,-81,-81,-81,-81,-81,-81,-81,-81,-81,-81,-81,-81,-81,-81,-81,-81,-81,-81,-81,-81,-81,-81,-81,-81,-81,-81,-81,-81,-81,-81,-81,-81,-81,-81,-81,-81,-81,-81,-81,-81,-81,-81,-81,-81,-81,-81,-81,-81,-81,-80,-80,-80,-80,-80,-80,-80,-80,-80,-80,-80,-80,-80,-80,-80,-80,-80,-80,-80,-80,-80,-80,-80,-80,-80,-80,-80,-80,-80,-80,-80,-80,-80,-80,-80,-80,-80,-80,-80,-80,-80,-80,-80,-80,-80,-80,-80,-80,-80,-80,-80,-80,-80,-80,-80,-80,-80,-80,-80,-80,-80,-80,-80,-80,-80,-80,-80,-80,-80,-80,-80,-80,-80,-80,-80,-80,-80,-80,-80,-80,-80,-80,-80,-80,-80,-80,-80,-80,-80,-80,-80,-80,-80,-80,-80,-80,-80,-80,-80,-80,-80,-80,-80,-80,-80,-80,-80,-80,-80,-80,-80,-80,-80,-80,-80,-80,-80,-80,-80,-80,-80,-81,-81,-81,-81,-81,-81,-81,-81,-81,-81,-81,-81,-81,-81,-81,-80,-80,-80,-80,-80,-80,-80,-80,-80,-80,-80,-80,-80,-80,-80,-80,-80,-80,-80,-80,-80,-80,-80,-80,-80,-80,-80,-80,-80,-80,-80,-80,-80,-80,-80,-80,-80,-80,-80,-80,-80,-80,-80,-80,-80,-80,-80,-80,-80,-80,-80,-80,-80,-80,-80,-80,-80,-80,-80,-80,-80,-80,-80,-80,-80,-80,-80,-80,-80,-80,-80,-80,-80,-80,-80,-80,-80,-80,-80,-80,-80,-80,-80,-80,-80,-80,-80,-80,-80,-80,-80,-80,-80,-80,-80,-80,-80,-80,-80,-80,-80,-80,-80,-80,-80,-80,-80,-80,-80,-80,-80,-80,-80,-80,-80,-80,-80,-80,-80,-80,-80,-80,-80,-80,-80,-80,-80,-80,-80,-80,-80,-80,-80,-80,-80,-80,-80,-80,-80,-80,-80,-80,-80,-80,-80,-80,-80,-80,-80,-80,-80,-80,-80,-80,-80,-80,-80,-80,-80,-80,-80,-80,-80,-80,-80,-80,-80,-80,-80,-80,-80,-80,-80,-80,-80,-80,-80,-80,-80,-80,-80,-80,-80,-80,-80,-80,-80,-80,-80,-80,-80,-80,-80,-80,-80,-80,-80,-80,-80,-80,-80,-80,-80,-80,-80,-80,-80,-80,-80,-80,-80,-80,-80,-80,-80,-80,-80,-80,-80,-80,-80,-80,-80,-80,-80,-80,-80,-80,-80,-80,-80,-80,-80,-80,-80,-80,-80,-80,-80,-80,-80,-80,-80,-80,-80,-80,-80,-80,-80,-80,-80,-80,-80,-80,-80,-80,-80,-80,-80,-80,-81,-81,-81,-81,-81,-81,-81,-81,-81,-81,-81,-81,-81,-81,-81,-81,-81,-81,-81,-81,-81,-81,-81,-81,-81,-81,-81,-81,-81,-81,-81,-81,-81,-81,-81,-81,-81,-81,-81,-81,-81,-81,-81,-81,-81,-81,-81,-81,-81,-81,-81,-81,-81,-81,-81,-81,-81,-81,-81,-81,-81,-81,-81,-81,-81,-81,-81,-81,-81,-81,-81,-81,-81,-81,-80,-80,-80,-80,-80,-80,-80,-80,-80,-80,-80,-80,-80,-80,-80,-80,-80,-80,-80,-80,-80,-80,-80,-80,-80,-80,-80,-80,-80,-80,-80,-80,-80,-80,-80,-80,-80,-80,-80,-80,-80,-80,-80,-80,-80,-80,-80,-80,-80,-80,-80,-80,-80,-80,-80,-80,-80,-80,-80,-80,-80,-80,-80,-80,-80,-80,-80,-80,-80,-80,-80,-80,-80,-80,-80,-80,-80,-80,-80,-80,-80,-80,-80,-80,-80,-80,-80,-80,-80,-80,-80,-80,-80,-80,-80,-80,-80,-80,-80,-80,-80,-80,-80,-80,-80,-80,-80,-80,-80,-80,-80,-80,-80,-80,-80,-80,-80,-80,-80,-80,-80,-80,-80,-80,-80,-80,-80,-80,-80,-80,-80,-80,-80,-80,-80,-80,-80,-80,-80,-80,-80,-80,-80,-80,-80,-80,-80,-80,-80,-80,-80,-80,-80,-80,-80,-80,-80,-80,-80,-80,-80,-80,-80,-80,-80,-80,-80,-80,-80,-80,-81,-81,-81,-81,-81,-81,-81,-81,-81,-81,-81,-81,-81,-81,-81,-81,-81,-81,-81,-81,-81,-81,-81,-81,-81,-81,-81,-81,-81,-81,-81,-81,-81,-81,-81,-81,-81,-81,-81,-81,-81,-81,-81,-81,-81,-81,-81,-81,-81,-81,-81,-79,-79,-79,-79,-79,-79,-79,-79,-79,-79,-79,-79,-79,-79,-79,-79,-79,-79,-79,-79,-79,-79,-79,-79,-79,-79,-79,-79,-79,-79,-79,-79,-79,-79,-79,-79,-79,-79,-79,-79,-79,-79,-79,-79,-79,-79,-79,-79,-79,-79,-79,-79,-79,-79,-79,-79,-79,-79,-79,-79,-79,-79,-79,-79,-79,-79,-79,-79,-79,-79,-79,-79,-79,-79,-79,-79,-79,-79,-79,-79,-79,-79,-79,-79,-79,-79,-79,-79,-79,-79,-80,-80,-80,-80,-80,-80,-80,-80,-80,-80,-80,-80,-80,-80,-80,-80,-80,-80,-80,-80,-80,-80,-80,-80,-80,-80,-80,-80,-80,-81,-81,-81,-81,-81,-81,-81,-81,-81,-81,-81,-81,-81,-81,-81,-81,-81,-81,-81,-81,-81,-81,-81,-81,-81,-81,-81,-81,-81,-81,-81,-81,-81,-81,-81,-81,-81,-81,-81,-81,-81,-81,-81,-81,-81,-81,-81,-81,-81,-81,-81,-81,-81,-81,-81,-81,-81,-81,-81,-81,-81,-81,-81,-81,-81,-81,-81,-81,-81,-81,-81,-81,-81,-81,-81,-81,-81,-81,-81,-81,-81,-81,-81,-81,-81,-81,-81,-81,-81,-81,-81,-81,-81,-81,-81,-81,-81,-81,-81,-81,-81,-81,-81,-81,-81,-81,-81,-81,-81,-81,-81,-81,-81,-81,-81,-81,-81,-81,-81,-80,-80,-80,-80,-80,-80,-80,-80,-80,-80,-80,-80,-80,-80,-80,-80,-80,-80,-80,-80,-80,-80,-80,-80,-80,-80,-80,-80,-80,-80,-80,-80,-80,-80,-80,-80,-80,-80,-80,-80,-80,-80,-80,-80,-80,-80,-80,-80,-80,-80,-80,-80,-80,-80,-80,-80,-80,-80,-80,-80,-80,-80,-80,-80,-80,-80,-80,-80,-80,-80,-80,-80,-80,-80,-80,-80,-80,-80,-80,-80,-80,-80,-80,-80,-80,-80,-80,-80,-80,-80,-80,-80,-80,-80,-80,-80,-80,-80,-80,-80,-80,-80,-80,-80,-80,-80,-80,-80,-80,-80,-80,-80,-80,-80,-80,-80,-80,-80,-80,-80,-80,-80,-80,-80,-80,-80,-80,-80,-80,-80,-80,-80,-80,-80,-80,-80,-80,-80,-80,-80,-80,-80,-80,-80,-80,-80,-80,-80,-80,-80,-80,-80,-80,-80,-80,-80,-80,-80,-80,-80,-80,-80,-80,-80,-80,-80,-80,-80,-80,-80,-80,-80,-80,-82,-82,-82,-82,-82,-82,-82,-82,-82,-82,-82,-82,-82,-82,-82,-82,-82,-82,-82,-82,-82,-82,-82,-82,-82,-82,-82,-82,-82,-82,-82,-82,-82,-82,-82,-82,-82,-82,-82,-82,-82,-82,-82,-82,-82,-82,-82,-82,-82,-82,-82,-82,-82,-82,-82,-82,-82,-82,-82,-82,-82,-82,-80,-80,-80,-80,-80,-80,-80,-80,-80,-80,-80,-80,-80,-80,-80,-80,-80,-80,-80,-80,-80,-80,-80,-80,-80,-80,-80,-80,-80,-80,-80,-80,-80,-80,-80,-80,-80,-80,-80,-80,-80,-80,-80,-80,-80,-80,-80,-80,-80,-80,-80,-80,-80,-80,-80,-80,-80,-80,-80,-80,-80,-80,-80,-80,-80,-80,-80,-80,-80,-80,-80,-80,-80,-80,-80,-80,-80,-80,-80,-80,-80,-80,-80,-80,-80,-80,-80,-80,-80,-80,-80,-80,-80,-80,-80,-80,-80,-80,-80,-80,-80,-80,-80,-80,-80,-80,-80,-80,-80,-80,-80,-80,-80,-80,-80,-80,-80,-80,-80,-80,-80,-80,-80,-80,-80,-80,-80,-80,-80,-80,-80,-80,-80,-80,-80,-80,-80,-80,-80,-80,-80,-80,-80,-80,-80,-81,-81,-81,-81,-81,-81,-81,-81,-81,-81,-81,-81,-81,-81,-81,-81,-81,-81,-81,-81,-81,-81,-81,-81,-81,-81,-81,-81,-81,-81,-81,-81,-81,-81,-81,-81,-81,-81,-81,-81,-81,-81,-81,-81,-81,-81,-81,-81,-81,-81,-81,-81,-81,-81,-81,-81,-81,-81,-81,-81,-81,-81,-81,-81,-81,-81,-81,-81,-81,-81,-81,-81,-81,-81,-81,-81,-81,-81,-81,-81,-81,-81,-81,-81,-81,-81,-81,-81,-81,-81,-81,-81,-81,-81,-81,-81,-81,-81,-81,-81,-81,-81,-81,-81,-81,-81,-81,-81,-81,-81,-81,-81,-81,-81,-81,-81,-81,-81,-81,-81,-81,-81,-81,-81,-81,-81,-81,-81,-81,-81,-81,-81,-81,-81,-81,-81,-81,-81,-81,-81,-81,-81,-81,-81,-81,-81,-81,-81,-81,-80,-80,-80,-80,-80,-80,-80,-80,-80,-80,-80,-80,-80,-80,-80,-80,-80,-80,-80,-80,-80,-80,-80,-80,-80,-80,-80,-80,-80,-80,-80,-80,-80,-80,-80,-80,-80,-80,-80,-80,-80,-80,-80,-80,-80,-80,-80,-81,-81,-81,-81,-81,-81,-81,-81,-81,-81,-81,-81,-81,-81,-81,-81,-81,-81,-81,-81,-81,-81,-81,-81,-81,-81,-81,-81,-81,-81,-81,-81,-81,-81,-81,-81,-81,-81,-81,-81,-81,-81,-81,-81,-81,-81,-81,-81,-81,-81,-81,-81,-81,-81,-81,-81,-81,-81,-81,-81,-81,-81,-81,-81,-81,-81,-81,-81,-81,-81,-81,-81,-81,-81,-81,-81,-81,-81,-81,-81,-81,-81,-81,-81,-81,-81,-81,-81,-81,-81,-81,-81,-81,-81,-81,-81,-81,-81,-81,-81,-81,-81,-81,-81,-81,-81,-81,-81,-81,-81,-81,-81,-81,-81,-81,-81,-81,-81,-81,-81,-81,-81,-81,-81,-81,-81,-81,-81,-81,-81,-81,-81,-81,-81,-81,-81,-81,-81,-81,-81,-81,-81,-81,-81,-81,-81,-81,-81,-81,-81,-81,-81,-81,-81,-81,-81,-81,-81,-81,-81,-81,-81,-81,-81,-81,-81,-81,-81,-81,-81,-81,-81,-81,-81,-81,-81,-81,-81,-81,-81,-81,-81,-81,-81,-81,-81,-81,-81,-81,-81,-81,-81,-81,-81,-81,-81,-81,-81,-81,-81,-81,-81,-81,-81,-81,-81,-81,-81,-81,-81,-81,-81,-81,-81,-81,-81,-81,-81,-81,-81,-81,-81,-81,-81,-81,-81,-81,-81,-81,-81,-81,-81,-81,-81,-81,-81,-81,-81,-81,-81,-81,-81,-81,-81,-81,-81,-81,-81,-81,-81,-81,-81,-81,-81,-81,-81,-81,-81,-81,-81,-81,-81,-81,-81,-81,-81,-81,-81,-81,-81,-81,-81,-80,-80,-80,-80,-80,-80,-80,-80,-80,-80,-80,-80,-80,-80,-80,-80,-80,-80,-80,-81,-81,-81,-81,-81,-81,-81,-81,-81,-81,-81,-81,-81,-81,-81,-81,-81,-81,-81,-81,-81,-81,-81,-81,-81,-81,-81,-81,-81,-81,-81,-81,-81,-81,-81,-81,-81,-81,-81,-81,-81,-81,-81,-81,-81,-81,-81,-81,-81,-81,-81,-81,-81,-81,-81,-81,-81,-81,-81,-81,-81,-81,-81,-81,-81,-81,-81,-81,-81,-81,-81,-81,-81,-81,-81,-81,-81,-81,-81,-81,-81,-81,-81,-81,-81,-81,-81,-81,-81,-81,-81,-81,-81,-81,-81,-81,-81,-81,-81,-81,-81,-81,-81,-81,-81,-81,-81,-81,-81,-81,-81,-81,-81,-81,-81,-81,-81,-81,-81,-81,-81,-81,-81,-81,-81,-81,-81,-81,-81,-81,-81,-81,-81,-81,-81,-81,-81,-81,-81,-81,-81,-81,-81,-81,-81,-81,-81,-81,-81,-82,-82,-82,-82,-82,-82,-82,-82,-82,-82,-82,-82,-82,-82,-82,-82,-82,-82,-82,-82,-82,-82,-82,-82,-82,-82,-82,-82,-82,-82,-82,-82,-82,-82,-82,-82,-82,-82,-82,-82,-82,-82,-82,-82,-82,-82,-82,-82,-82,-82,-82,-82,-82,-82,-82,-82,-82,-82,-82,-82,-82,-82,-82,-82,-82,-82,-82,-82,-82,-82,-82,-82,-82,-82,-82,-82,-82,-82,-82,-82,-82,-82,-82,-82,-82,-82,-82,-82,-82,-82,-82,-82,-82,-82,-82,-82,-82,-82,-82,-82,-82,-82,-82,-82,-82,-82,-82,-82,-82,-82,-82,-82,-82,-82,-82,-82,-82,-82,-82,-82,-82,-82,-82,-82,-82,-82,-82,-82,-82,-82,-82,-82,-82,-82,-82,-82,-82,-82,-82,-82,-82,-82,-82,-82,-82,-82,-82,-82,-82,-82,-82,-82,-82,-82,-82,-82,-82,-82,-82,-80,-80,-80,-80,-80,-80,-80,-80,-80,-80,-80,-80,-80,-80,-80,-80,-80,-80,-80,-80,-80,-80,-80,-80,-80,-80,-80,-80,-80,-80,-80,-80,-80,-80,-80,-80,-80,-80,-80,-80,-80,-80,-80,-80,-80,-80,-80,-80,-80,-80,-80,-80,-80,-80,-80,-80,-80,-80,-80,-80,-80,-80,-80,-80,-80,-80,-80,-80,-80,-80,-80,-80,-80,-80,-80,-80,-80,-80,-80,-80,-81,-81,-81,-81,-81,-81,-81,-81,-81,-81,-81,-81,-81,-81,-81,-81,-81,-81,-81,-81,-81,-81,-81,-81,-81,-81,-81,-81,-81,-81,-81,-81,-81,-81,-81,-81,-81,-81,-81,-81,-81,-81,-81,-81,-81,-81,-81,-81,-81,-81,-81,-81,-81,-81,-81,-81,-81,-81,-81,-81,-81,-81,-81,-81,-81,-81,-81,-81,-81,-81,-81,-81,-81,-81,-81,-80,-80,-80,-80,-80,-80,-80,-80,-80,-80,-80,-80,-80,-80,-80,-80,-80,-80,-80,-80,-80,-80,-80,-80,-80,-80,-80,-80,-80,-80,-80,-80,-80,-80,-80,-80,-80,-80,-80,-80,-80,-80,-80,-80,-80,-80,-80,-80,-80,-80,-80,-80,-80,-80,-80,-80,-80,-80,-80,-80,-80,-80,-80,-80,-80,-80,-80,-80,-80,-80,-80,-80,-80,-80,-80,-80,-80,-80,-80,-80,-80,-80,-80,-80,-80,-80,-80,-80,-80,-80,-80,-80,-80,-80,-80,-80,-80,-80,-80,-80,-80,-80,-80,-80,-80,-80,-80,-80,-80,-80,-80,-80,-80,-80,-80,-80,-80,-80,-80,-80,-80,-80,-80,-80,-80,-80,-80,-80,-80,-80,-80,-80,-80,-80,-80,-80,-80,-80,-80,-80,-80,-80,-80,-80,-80,-80,-80,-80,-80,-80,-80,-80,-80,-80,-80,-80,-80,-81,-81,-81,-81,-81,-81,-81,-81,-81,-81,-81,-81,-81,-81,-81,-81,-81,-81,-81,-81,-81,-81,-81,-81,-81,-81,-81,-81,-81,-81,-81,-81,-81,-81,-81,-81,-81,-81,-81,-81,-81,-81,-81,-81,-81,-81,-81,-81,-81,-81,-81,-81,-81,-81,-81,-81,-81,-81,-81,-81,-81,-81,-81,-81,-81,-81,-81,-81,-81,-81,-81,-81,-81,-81,-81,-81,-81,-81,-81,-81,-81,-81,-81,-81,-81,-81,-81,-81,-81,-81,-81,-81,-81,-81,-81,-81,-81,-81,-81,-81,-81,-81,-81,-81,-81,-81,-81,-81,-81,-81,-81,-81,-81,-81,-81,-81,-81,-81,-81,-81,-81,-81,-81,-81,-81,-81,-81,-81,-81,-81,-81,-81,-81,-81,-81,-81,-81,-81,-81,-81,-81,-81,-81,-81,-81,-81,-81,-81,-81,-81,-81,-81,-81,-81,-81,-81,-80,-80,-80,-80,-80,-80,-80,-80,-80,-80,-80,-80,-80,-80,-80,-80,-80,-80,-80,-80,-80,-80,-80,-80,-80,-80,-80,-80,-80,-80,-80,-80,-80,-80,-80,-80,-80,-80,-80,-80,-80,-80,-80,-80,-80,-80,-80,-80,-80,-80,-80,-80,-80,-80,-80,-80,-80,-80,-80,-80,-80,-80,-80,-80,-80,-80,-80,-80,-80,-80,-80,-80,-80,-80,-80,-80,-80,-80,-80,-80,-80,-80,-80,-80,-80,-80,-80,-80,-80,-80,-80,-80,-80,-80,-80,-80,-80,-80,-80,-80,-80,-80,-80,-80,-80,-80,-80,-80,-80,-80,-80,-80,-80,-80,-80,-80,-80,-80,-80,-80,-80,-80,-80,-80,-80,-80,-80,-80,-80,-80,-80,-80,-80,-81,-81,-81,-81,-81,-81,-81,-81,-81,-81,-81,-81,-81,-81,-81,-81,-81,-81,-81,-80,-80,-80,-80,-80,-80,-80,-80,-80,-80,-80,-80,-80,-80,-80,-80,-80,-80,-80,-80,-80,-80,-80,-80,-80,-80,-80,-80,-80,-80,-80,-80,-80,-80,-80,-80,-80,-80,-80,-80,-80,-80,-80,-80,-80,-80,-80,-80,-80,-80,-80,-80,-80,-80,-80,-80,-80,-80,-80,-80,-80,-80,-80,-80,-80,-80,-80,-80,-80,-80,-80,-80,-80,-80,-80,-80,-80,-80,-80,-80,-80,-80,-80,-80,-80,-80,-80,-80,-80,-80,-80,-80,-80,-80,-80,-80,-80,-80,-80,-80,-80,-80,-80,-80,-80,-80,-80,-80,-80,-80,-80,-80,-80,-80,-80,-80,-80,-80,-80,-80,-80,-80,-80,-80,-80,-80,-80,-80,-80,-80,-80,-80,-80,-80,-81,-81,-81,-81,-81,-81,-81,-81,-81,-81,-81,-81,-81,-81,-81,-81,-81,-81,-81,-81,-81,-81,-81,-81,-81,-81,-81,-81,-81,-81,-81,-81,-81,-81,-81,-81,-81,-81,-81,-81,-81,-81,-81,-81,-81,-81,-81,-81,-81,-81,-81,-81,-81,-81,-81,-81,-81,-81,-81,-81,-81,-81,-81,-81,-81,-81,-81,-81,-81,-81,-81,-81,-81,-81,-81,-81,-81,-81,-81,-81,-81,-81,-81,-81,-81,-81,-81,-81,-81,-81,-81,-81,-81,-81,-81,-81,-81,-81,-81,-81,-81,-81,-81,-81,-81,-81,-81,-81,-81,-81,-81,-81,-81,-81,-81,-81,-81,-81,-81,-81,-81,-81,-81,-81,-81,-81,-81,-81,-81,-81,-81,-81,-81,-81,-81,-81,-81,-81,-81,-81,-81,-81,-81,-81,-81,-81,-81,-81,-81,-81,-81,-82,-82,-82,-82,-82,-82,-82,-82,-82,-82,-82,-82,-82,-82,-82,-82,-82,-82,-82,-82,-81,-81,-81,-81,-81,-81,-81,-81,-81,-81,-81,-81,-81,-81,-81,-81,-81,-81,-81,-81,-81,-81,-81,-81,-81,-81,-81,-81,-81,-81,-81,-81,-81,-81,-81,-81,-81,-81,-81,-81,-81,-81,-81,-81,-81,-81,-81,-81,-81,-81,-81,-81,-81,-81,-81,-81,-81,-81,-81,-81,-81,-81,-81,-81,-81,-81,-81,-81,-81,-81,-81,-81,-81,-81,-81,-81,-81,-81,-81,-81,-81,-81,-81,-81,-81,-81,-81,-81,-81,-81,-81,-81,-81,-81,-81,-81,-81,-81,-81,-81,-81,-81,-81,-81,-81,-81,-81,-81,-81,-81,-81,-81,-81,-81,-81,-81,-81,-81,-81,-81,-81,-81,-81,-81,-81,-81,-81,-81,-81,-81,-81,-81,-82,-82,-82,-82,-82,-82,-82,-82,-82,-82,-82,-82,-82,-82,-82,-82,-82,-80,-80,-80,-80,-80,-80,-80,-80,-80,-80,-80,-80,-80,-80,-80,-80,-80,-80,-80,-80,-80,-80,-80,-80,-80,-80,-80,-80,-80,-80,-80,-80,-80,-80,-80,-80,-80,-80,-80,-80,-80,-80,-80,-80,-80,-80,-80,-80,-80,-80,-80,-80,-80,-80,-80,-80,-80,-80,-80,-80,-80,-80,-80,-80,-80,-80,-80,-80,-80,-80,-80,-80,-80,-80,-80,-80,-80,-80,-80,-80,-80,-80,-80,-80,-80,-80,-80,-80,-80,-80,-80,-80,-80,-80,-80,-80,-80,-80,-80,-80,-80,-80,-80,-80,-80,-80,-80,-80,-80,-80,-80,-80,-80,-80,-80,-80,-80,-80,-80,-80,-80,-80,-80,-80,-80,-80,-80,-80,-80,-80,-80,-80,-80,-80,-80,-80,-80,-80,-80,-80,-80,-80,-80,-80,-80,-80,-80,-80,-80,-80,-80,-80,-80,-80,-80,-80,-81,-81,-81,-81,-81,-81,-81,-81,-81,-81,-81,-81,-81,-81,-81,-81,-81,-81,-81,-81,-81,-81,-81,-81,-81,-81,-81,-81,-81,-81,-81,-81,-81,-81,-81,-81,-81,-81,-81,-81,-81,-81,-81,-81,-81,-81,-81,-81,-81,-81,-81,-81,-81,-81,-81,-81,-81,-81,-81,-81,-81,-81,-81,-81,-81,-81,-81,-81,-81,-81,-81,-81,-81,-81,-81,-81,-81,-81,-81,-81,-81,-81,-81,-81,-81,-81,-81,-81,-81,-81,-81,-81,-81,-81,-81,-81,-81,-81,-81,-81,-81,-81,-81,-81,-81,-81,-81,-81,-81,-81,-81,-81,-81,-81,-81,-81,-81,-81,-81,-81,-81,-81,-81,-81,-81,-81,-81,-81,-81,-81,-81,-81,-81,-81,-81,-81,-81,-81,-81,-81,-81,-81,-81,-81,-81,-81,-81,-81,-81,-81,-81,-79,-79,-79,-79,-79,-79,-79,-79,-79,-79,-79,-79,-79,-79,-79,-79,-79,-79,-79,-79,-79,-79,-79,-79,-79,-79,-79,-79,-79,-79,-79,-79,-79,-79,-79,-79,-79,-79,-79,-79,-79,-79,-79,-79,-79,-79,-79,-79,-79,-79,-79,-79,-79,-79,-79,-79,-79,-79,-79,-79,-79,-79,-79,-79,-79,-79,-79,-79,-79,-79,-79,-79,-79,-79,-79,-79,-79,-79,-79,-79,-79,-79,-79,-79,-79,-79,-79,-79,-79,-79,-79,-79,-80,-80,-80,-80,-80,-80,-80,-80,-80,-80,-80,-80,-80,-80,-80,-80,-80,-80,-80,-80,-80,-80,-80,-80,-80,-80,-80,-80,-80,-80,-80,-80,-80,-80,-80,-80,-80,-80,-80,-80,-80,-80,-80,-80,-80,-80,-80,-80,-80,-80,-80,-80,-80,-80,-80,-80,-80,-80,-80,-81,-81,-81,-81,-81,-81,-81,-81,-81,-81,-81,-81,-81,-81,-81,-81,-81,-81,-81,-81,-81,-81,-81,-81,-81,-81,-81,-81,-81,-81,-81,-81,-81,-81,-81,-81,-81,-81,-81,-81,-81,-81,-81,-81,-81,-81,-81,-81,-81,-81,-81,-81,-81,-81,-81,-81,-81,-81,-81,-81,-81,-81,-81,-81,-81,-81,-81,-81,-81,-81,-81,-81,-81,-81,-81,-81,-81,-81,-81,-81,-81,-81,-81,-81,-81,-81,-81,-81,-81,-80,-80,-80,-80,-80,-80,-80,-80,-80,-80,-80,-80,-80,-80,-80,-80,-80,-80,-80,-80,-80,-80,-80,-80,-80,-80,-80,-80,-80,-80,-80,-80,-80,-80,-80,-80,-80,-80,-80,-80,-80,-80,-80,-80,-80,-80,-80,-80,-80,-80,-80,-80,-80,-80,-80,-80,-80,-80,-80,-80,-80,-80,-80,-80,-80,-80,-80,-80,-80,-80,-80,-80,-80,-80,-80,-80,-80,-80,-80,-80,-80,-80,-80,-80,-80,-80,-80,-80,-80,-80,-80,-80,-80,-80,-80,-80,-80,-80,-80,-80,-80,-80,-80,-80,-80,-80,-80,-80,-80,-80,-80,-80,-80,-80,-80,-80,-80,-80,-80,-80,-80,-80,-80,-80,-80,-80,-80,-80,-80,-80,-80,-80,-80,-80,-80,-80,-80,-80,-80,-80,-80,-80,-80,-80,-80,-80,-80,-80,-80,-80,-80,-80,-80,-80,-80,-81,-81,-81,-81,-81,-81,-81,-81,-81,-81,-81,-81,-81,-81,-81,-81,-81,-81,-81,-81,-81,-81,-81,-81,-81,-81,-81,-81,-81,-81,-81,-81,-81,-81,-81,-81,-81,-81,-81,-81,-81,-81,-81,-81,-81,-81,-81,-81,-81,-81,-81,-81,-80,-80,-80,-80,-80,-80,-80,-80,-80,-80,-80,-80,-80,-80,-80,-80,-80,-80,-80,-80,-80,-80,-80,-80,-80,-80,-80,-80,-80,-80,-80,-80,-80,-80,-80,-80,-80,-80,-80,-80,-80,-80,-80,-80,-80,-80,-80,-80,-80,-80,-80,-80,-80,-80,-80,-80,-80,-80,-80,-80,-80,-80,-80,-80,-80,-80,-80,-80,-80,-80,-80,-80,-80,-80,-80,-80,-80,-80,-80,-80,-80,-80,-80,-80,-80,-80,-80,-80,-80,-80,-80,-80,-80,-80,-81,-81,-81,-81,-81,-81,-81,-81,-81,-81,-81,-81,-81,-81,-81,-81,-81,-81,-81,-81,-81,-81,-81,-81,-81,-81,-81,-81,-81,-81,-81,-81,-81,-81,-81,-81,-81,-81,-81,-81,-81,-81,-81,-81,-81,-81,-81,-81,-81,-81,-81,-81,-81,-81,-81,-81,-81,-81,-81,-81,-81,-81,-81,-81,-81,-81,-81,-81,-81,-81,-81,-81,-81,-81,-81,-81,-81,-81,-81,-81,-81,-81,-81,-81,-81,-81,-81,-81,-81,-81,-81,-81,-81,-81,-81,-81,-81,-81,-81,-81,-81,-81,-81,-81,-81,-81,-81,-81,-81,-81,-81,-81,-81,-81,-81,-81,-81,-81,-81,-81,-81,-81,-81,-81,-81,-81,-81,-81,-81,-81,-81,-81,-81,-81,-81,-81,-81,-81,-81,-81,-81,-81,-81,-81,-81,-81,-81,-81,-81,-81,-81,-81,-81,-81,-81,-81,-81,-81,-81,-81,-81,-81,-81,-81,-81,-81,-81,-81,-81,-81,-81,-81,-81,-81,-81,-81,-81,-81,-81,-81,-81,-81,-81,-81,-81,-81,-81,-81,-81,-81,-81,-81,-81,-81,-81,-81,-81,-81,-81,-81,-81,-81,-81,-81,-81,-81,-81,-81,-82,-82,-82,-82,-82,-82,-82,-82,-82,-82,-82,-82,-82,-82,-82,-82,-82,-82,-82,-82,-82,-82,-82,-82,-82,-82,-82,-82,-82,-82,-82,-82,-82,-82,-82,-82,-82,-82,-82,-82,-82,-82,-82,-82,-82,-82,-82,-82,-82,-82,-82,-82,-82,-82,-82,-82,-82,-82,-82,-82,-82,-82,-82,-82,-82,-82,-82,-82,-82,-82,-82,-82,-82,-82,-82,-82,-82,-82,-82,-82,-82,-82,-82,-82,-82,-82,-82,-82,-82,-82,-82,-82,-82,-82,-82,-82,-82,-82,-82,-82,-82,-82,-82,-82,-82,-82,-82,-82,-82,-82,-82,-82,-82,-82,-82,-82,-82,-82,-82,-82,-82,-82,-82,-82,-82,-82,-82,-82,-82,-82,-82,-80,-80,-80,-80,-80,-80,-80,-80,-80,-80,-80,-80,-80,-80,-80,-80,-80,-80,-80,-81,-81,-81,-81,-81,-81,-81,-81,-81,-81,-81,-81,-81,-81,-81,-81,-81,-81,-81,-81,-81,-81,-81,-81,-81,-81,-81,-81,-81,-81,-81,-81,-81,-81,-81,-81,-81,-81,-81,-81,-81,-81,-81,-81,-81,-81,-81,-81,-81,-81,-81,-81,-81,-81,-81,-81,-81,-81,-81,-81,-81,-81,-81,-81,-81,-81,-81,-81,-81,-81,-81,-81,-81,-81,-81,-81,-81,-81,-81,-81,-81,-81,-81,-81,-81,-81,-81,-81,-81,-81,-81,-81,-81,-81,-81,-81,-81,-81,-81,-81,-81,-81,-81,-81,-81,-81,-81,-81,-81,-81,-81,-81,-81,-81,-81,-81,-81,-81,-81,-81,-81,-81,-81,-81,-81,-81,-81,-81,-81,-81,-81,-81,-81,-81,-81,-81,-81,-81,-81,-81,-81,-81,-81,-81,-81,-81,-81,-81,-81,-81,-81,-81,-81,-81,-81,-81,-81,-81,-81,-81,-81,-81,-81,-81,-81,-81,-81,-81,-81,-81,-81,-81,-81,-81,-81,-81,-81,-81,-81,-81,-81,-81,-81,-81,-81,-81,-81,-81,-81,-81,-81,-81,-81,-81,-81,-81,-81,-81,-81,-81,-81,-81,-81,-81,-81,-81,-81,-81,-81,-81,-81,-81,-81,-81,-81,-81,-81,-81,-81,-81,-81,-81,-81,-81,-81,-81,-81,-81,-81,-81,-81,-81,-81,-81,-81,-81,-81,-81,-81,-81,-81,-81,-81,-81,-81,-81,-81,-81,-81,-81,-81,-81,-81,-81,-81,-81,-81,-81,-81,-81,-81,-81,-81,-81,-81,-81,-81,-81,-81,-81,-81,-81,-81,-81,-81,-81,-81,-81,-81,-81,-81,-81,-81,-81,-81,-81,-80,-80,-80,-80,-80,-80,-80,-80,-80,-80,-80,-80,-80,-80,-80,-80,-80,-80,-80,-80,-80,-80,-80,-80,-80,-80,-80,-80,-80,-80,-80,-80,-80,-80,-80,-80,-80,-80,-80,-80,-80,-80,-80,-80,-80,-80,-80,-80,-80,-80,-80,-80,-80,-80,-80,-80,-80,-80,-80,-80,-80,-80,-80,-80,-80,-80,-80,-80,-80,-80,-80,-80,-80,-80,-81,-81,-81,-81,-81,-81,-81,-81,-81,-81,-81,-81,-81,-81,-81,-81,-81,-81,-81,-81,-81,-81,-81,-81,-81,-81,-81,-81,-81,-81,-81,-81,-81,-81,-81,-81,-81,-81,-81,-81,-81,-81,-81,-81,-81,-81,-81,-81,-81,-81,-81,-81,-81,-81,-81,-81,-81,-81,-81,-81,-81,-81,-81,-81,-81,-81,-81,-81,-81,-81,-81,-81,-81,-81,-81,-81,-81,-81,-81,-81,-81,-81,-81,-81,-81,-81,-81,-81,-81,-81,-81,-81,-81,-81,-81,-81,-81,-81,-81,-81,-81,-81,-81,-81,-81,-81,-81,-81,-81,-81,-81,-81,-81,-81,-81,-81,-81,-81,-81,-81,-81,-81,-81,-81,-81,-81,-81,-81,-81,-81,-81,-81,-81,-81,-81,-81,-81,-81,-81,-81,-81,-81,-81,-81,-81,-81,-81,-81,-81,-81,-81,-81,-81,-81,-81,-81,-81,-81,-81,-81,-81,-81,-81,-81,-81,-81,-81,-81,-81,-81,-81,-81,-80,-80,-80,-80,-80,-80,-80,-80,-80,-80,-80,-80,-80,-80,-80,-80,-80,-80,-80,-80,-80,-80,-80,-80,-80,-80,-80,-80,-80,-80,-80,-80,-80,-80,-80,-80,-80,-80,-80,-80,-80,-80,-80,-80,-80,-80,-80,-80,-80,-80,-80,-80,-80,-80,-80,-80,-80,-80,-80,-80,-80,-80,-80,-80,-80,-80,-80,-80,-80,-80,-80,-80,-80,-80,-80,-80,-80,-80,-80,-80,-80,-80,-80,-80,-80,-80,-80,-80,-80,-80,-80,-80,-80,-80,-80,-80,-80,-80,-80,-80,-80,-80,-80,-80,-80,-80,-80,-80,-80,-80,-80,-80,-80,-80,-80,-80,-80,-80,-80,-80,-80,-81,-81,-81,-81,-81,-81,-81,-81,-81,-81,-81,-81,-81,-81,-81,-81,-81,-81,-81,-81,-81,-81,-81,-81,-81,-81,-81,-81,-81,-81,-81,-81,-81,-81,-81,-81,-81,-81,-81,-81,-81,-81,-81,-81,-81,-81,-82,-82,-82,-82,-82,-82,-82,-82,-82,-82,-82,-82,-82,-82,-82,-82,-82,-82,-82,-82,-82,-82,-82,-82,-82,-82,-82,-82,-82,-82,-82,-82,-82,-82,-82,-82,-82,-82,-82,-82,-82,-82,-82,-82,-82,-82,-82,-82,-82,-82,-82,-82,-82,-82,-82,-82,-82,-82,-82,-82,-82,-82,-82,-82,-82,-82,-82,-82,-82,-82,-82,-82,-82,-82,-82,-82,-82,-82,-82,-82,-82,-82,-82,-82,-82,-82,-82,-82,-82,-82,-82,-82,-82,-82,-82,-82,-82,-82,-82,-82,-82,-82,-82,-82,-82,-82,-82,-82,-82,-82,-82,-82,-82,-82,-82,-82,-82,-82,-82,-82,-82,-82,-81,-81,-81,-81,-81,-81,-81,-81,-81,-81,-81,-81,-81,-81,-80,-80,-80,-80,-80,-80,-80,-80,-80,-80,-80,-80,-80,-80,-80,-80,-80,-80,-80,-80,-80,-80,-80,-80,-80,-80,-80,-80,-80,-80,-80,-80,-80,-80,-80,-80,-80,-80,-80,-80,-80,-80,-80,-80,-80,-80,-80,-80,-80,-80,-80,-80,-80,-80,-80,-80,-80,-80,-80,-80,-80,-80,-80,-80,-80,-80,-80,-80,-80,-80,-80,-80,-80,-80,-80,-80,-80,-80,-80,-80,-80,-80,-80,-80,-80,-80,-80,-80,-80,-80,-80,-80,-80,-80,-80,-80,-80,-80,-80,-80,-80,-80,-80,-80,-80,-80,-80,-80,-80,-80,-80,-80,-80,-80,-80,-80,-80,-80,-80,-80,-80,-80,-80,-80,-80,-80,-80,-80,-80,-80,-80,-80,-80,-81,-81,-81,-81,-81,-81,-81,-81,-81,-81,-81,-81,-81,-81,-81,-81,-81,-81,-81,-81,-81,-81,-81,-81,-81,-81,-81,-81,-81,-81,-81,-81,-81,-81,-81,-81,-81,-81,-81,-81,-81,-81,-81,-81,-81,-81,-81,-81,-81,-81,-81,-81,-81,-81,-81,-81,-81,-81,-81,-81,-81,-81,-81,-81,-81,-81,-81,-81,-81,-81,-81,-81,-81,-81,-81,-81,-81,-81,-81,-81,-81,-81,-81,-81,-81,-81,-81,-81,-81,-81,-81,-81,-81,-81,-81,-81,-81,-81,-81,-81,-81,-81,-81,-81,-81,-81,-81,-81,-81,-81,-81,-81,-81,-81,-81,-81,-81,-81,-81,-81,-81,-81,-81,-81,-81,-81,-81,-81,-81,-81,-81,-80,-80,-80,-80,-80,-80,-80,-80,-80,-80,-80,-80,-80,-80,-80,-80,-80,-80,-80,-81,-81,-81,-81,-81,-81,-81,-81,-81,-81,-81,-81,-81,-81,-81,-81,-81,-81,-81,-81,-81,-81,-81,-81,-81,-81,-81,-81,-81,-81,-81,-81,-81,-81,-81,-81,-81,-81,-81,-81,-81,-81,-81,-81,-81,-81,-81,-81,-81,-81,-81,-81,-81,-81,-81,-81,-81,-81,-81,-81,-81,-81,-81,-81,-81,-81,-81,-81,-81,-81,-81,-81,-81,-81,-81,-81,-81,-81,-81,-81,-81,-81,-81,-81,-81,-81,-81,-81,-81,-81,-81,-81,-81,-81,-81,-81,-81,-81,-81,-81,-81,-81,-81,-81,-81,-81,-81,-81,-81,-81,-81,-81,-81,-81,-81,-81,-81,-81,-81,-81,-81,-81,-81,-81,-80,-80,-80,-80,-80,-80,-80,-80,-80,-80,-80,-80,-80,-80,-80,-80,-80,-80,-80,-80,-80,-80,-80,-80,-80,-80,-80,-80,-80,-80,-80,-80,-80,-80,-80,-80,-80,-80,-80,-80,-80,-80,-80,-80,-80,-80,-80,-80,-80,-80,-80,-80,-80,-80,-80,-80,-80,-80,-80,-80,-80,-80,-80,-80,-80,-80,-80,-80,-80,-80,-80,-80,-80,-80,-80,-80,-80,-80,-80,-80,-80,-80,-80,-80,-80,-80,-80,-80,-80,-80,-80,-80,-80,-80,-80,-80,-80,-80,-80,-80,-80,-80,-80,-80,-80,-80,-80,-80,-80,-80,-80,-80,-80,-80,-80,-80,-80,-80,-80,-80,-80,-80,-80,-80,-80,-80,-80,-80,-80,-80,-80,-81,-81,-81,-81,-81,-81,-81,-81,-81,-81,-81,-81,-81,-81,-81,-81,-81,-81,-81,-81,-81,-81,-81,-81,-81,-81,-81,-81,-81,-81,-81,-81,-81,-81,-81,-81,-81,-81,-81,-81,-81,-81,-81,-81,-81,-81,-81,-81,-81,-81,-81,-81,-81,-81,-81,-81,-81,-81,-81,-81,-81,-81,-81,-81,-81,-81,-81,-81,-81,-81,-81,-81,-81,-81,-81,-81,-81,-81,-81,-81,-81,-81,-81,-81,-81,-81,-81,-81,-81,-81,-81,-81,-81,-81,-81,-81,-81,-81,-81,-81,-81,-81,-81,-81,-81,-81,-81,-81,-81,-81,-81,-81,-81,-81,-81,-81,-81,-81,-81,-81,-81,-81,-81,-81,-81,-81,-81,-81,-81,-81,-81,-81,-81,-81,-81,-81,-81,-81,-81,-81,-81,-81,-81,-81,-81,-81,-81,-81,-81,-81,-81,-81,-82,-82,-82,-82,-82,-82,-82,-82,-82,-82,-82,-82,-82,-82,-82,-82,-82,-82,-82,-82,-82,-82,-82,-82,-82,-82,-82,-82,-82,-82,-82,-82,-82,-82,-82,-82,-82,-82,-82,-82,-82,-82,-82,-82,-82,-82,-82,-82,-82,-82,-82,-82,-82,-82,-82,-82,-82,-82,-82,-82,-82,-82,-82,-82,-82,-82,-82,-82,-82,-82,-82,-82,-82,-82,-82,-82,-82,-80,-80,-80,-80,-80,-80,-80,-80,-80,-80,-80,-80,-80,-80,-80,-80,-80,-80,-80,-80,-80,-80,-80,-80,-80,-80,-80,-80,-80,-80,-80,-80,-80,-80,-80,-80,-80,-80,-80,-80,-80,-80,-80,-80,-80,-80,-80,-80,-80,-80,-80,-80,-80,-80,-80,-80,-80,-80,-80,-80,-80,-80,-80,-80,-80,-80,-80,-80,-80,-80,-80,-80,-80,-80,-80,-80,-80,-81,-81,-81,-81,-81,-81,-81,-81,-81,-81,-81,-81,-81,-81,-81,-81,-81,-81,-81,-81,-81,-81,-81,-81,-81,-81,-81,-81,-81,-81,-81,-81,-81,-81,-81,-81,-81,-81,-81,-81,-81,-81,-81,-81,-81,-81,-81,-81,-81,-81,-81,-81,-81,-81,-81,-81,-81,-81,-81,-81,-81,-81,-81,-81,-81,-81,-81,-81,-81,-81,-81,-81,-81,-81,-81,-81,-81,-82,-82,-82,-82,-82,-82,-82,-82,-82,-82,-82,-82,-82,-82,-82,-82,-82,-82,-82,-82,-82,-82,-82,-82,-82,-82,-82,-82,-82,-82,-82,-82,-82,-82,-82,-82,-82,-82,-82,-82,-82,-82,-82,-82,-82,-82,-82,-82,-82,-82,-82,-82,-82,-82,-82,-82,-82,-82,-82,-82,-82,-82,-82,-82,-82,-82,-82,-82,-82,-82,-82,-82,-82,-81,-81,-81,-81,-81,-81,-81,-81,-81,-81,-81,-81,-81,-81,-81,-81,-81,-81,-81,-81,-81,-81,-81,-81,-81,-81,-81,-81,-81,-81,-81,-81,-81,-81,-81,-81,-81,-81,-81,-81,-81,-81,-81,-81,-81,-81,-81,-81,-81,-81,-81,-81,-81,-81,-81,-81,-81,-81,-81,-81,-81,-81,-81,-81,-81,-81,-81,-81,-81,-81,-81,-82,-82,-82,-82,-82,-82,-82,-82,-82,-82,-82,-82,-82,-82,-82,-82,-82,-82,-82,-82,-82,-82,-82,-82,-82,-82,-82,-82,-82,-82,-82,-82,-82,-82,-82,-82,-82,-82,-82,-82,-82,-82,-82,-82,-82,-82,-82,-82,-82,-82,-82,-82,-82,-82,-82,-82,-82,-82,-82,-82,-82,-82,-82,-82,-82,-82,-82,-82,-82,-82,-82,-82,-82,-82,-81,-81,-81,-81,-81,-81,-81,-81,-81,-81,-81,-81,-81,-81,-81,-81,-81,-81,-81,-81,-81,-81,-81,-81,-81,-81,-81,-81,-81,-81,-81,-81,-81,-81,-81,-81,-81,-81,-81,-81,-81,-81,-81,-81,-81,-81,-81,-81,-81,-81,-81,-81,-81,-81,-81,-81,-81,-81,-81,-81,-81,-81,-81,-81,-81,-81,-81,-81,-81,-81,-81,-81,-81,-81,-81,-81,-81,-81,-81,-81,-81,-81,-81,-81,-81,-81,-81,-81,-81,-81,-81,-81,-81,-81,-81,-81,-81,-80,-80,-80,-80,-80,-80,-80,-80,-80,-80,-80,-80,-80,-80,-80,-80,-80,-80,-80,-80,-80,-80,-80,-80,-80,-80,-80,-80,-80,-80,-80,-80,-80,-80,-80,-80,-80,-80,-80,-80,-80,-80,-80,-80,-80,-80,-80,-80,-80,-80,-80,-80,-80,-80,-80,-80,-80,-80,-81,-81,-81,-81,-81,-81,-81,-81,-81,-81,-81,-81,-81,-81,-81,-81,-81,-81,-81,-81,-81,-81,-81,-81,-81,-81,-81,-81,-81,-81,-81,-81,-81,-81,-81,-81,-81,-81,-81,-81,-81,-81,-81,-81,-81,-81,-81,-81,-81,-81,-81,-81,-81,-81,-81,-81,-81,-81,-81,-81,-81,-81,-81,-81,-81,-81,-81,-81,-81,-81,-81,-81,-81,-81,-81,-81,-81,-81,-81,-81,-81,-81,-81,-81,-81,-81,-81,-81,-81,-81,-81,-81,-81,-81,-81,-81,-81,-81,-81,-81,-81,-81,-81,-81,-81,-81,-81,-81,-81,-81,-81,-81,-81,-81,-81,-81,-81,-81,-81,-81,-81,-81,-81,-81,-81,-81,-81,-81,-81,-81,-81,-81,-81,-81,-81,-81,-81,-81,-81,-81,-81,-81,-81,-81,-81,-81,-81,-81,-81,-81,-81,-81,-81,-81,-81,-81,-81,-81,-81,-81,-81,-81,-81,-81,-81,-81,-81,-81,-81,-81,-81,-81,-81,-81,-81,-81,-81,-81,-81,-81,-81,-81,-81,-81,-81,-81,-81,-81,-81,-81,-81,-81,-81,-81,-81,-81,-81,-81,-81,-81,-81,-81,-81,-81,-81,-81,-81,-81,-81,-81,-81,-81,-81,-81,-81,-81,-81,-81,-81,-81,-81,-81,-81,-81,-81,-81,-81,-81,-81,-81,-81,-81,-81,-81,-81,-81,-81,-81,-81,-81,-81,-81,-81,-81,-81,-81,-81,-81,-81,-81,-81,-81,-81,-81,-81,-81,-81,-81,-81,-81,-81,-81,-81,-81,-81,-81,-81,-81,-81,-81,-81,-81,-81,-81,-81,-81,-81,-80,-80,-80,-80,-80,-80,-80,-80,-80,-80,-80,-80,-80,-80,-80,-80,-80,-80,-82,-82,-82,-82,-82,-82,-82,-82,-82,-82,-82,-82,-82,-82,-82,-82,-82,-82,-82,-82,-82,-82,-82,-82,-82,-82,-82,-82,-82,-82,-82,-82,-82,-82,-82,-82,-82,-82,-82,-82,-82,-82,-82,-82,-82,-82,-82,-82,-82,-82,-82,-82,-82,-82,-82,-82,-82,-82,-82,-82,-82,-82,-82,-82,-82,-82,-82,-82,-82,-82,-82,-82,-82,-82,-82,-82,-82,-82,-82,-82,-82,-82,-82,-82,-82,-82,-82,-82,-82,-82,-82,-82,-82,-82,-82,-82,-82,-82,-82,-82,-82,-82,-82,-82,-82,-82,-82,-82,-82,-82,-82,-82,-82,-82,-82,-82,-82,-82,-82,-82,-82,-81,-81,-81,-81,-81,-81,-81,-81,-81,-81,-81,-81,-81,-81,-81,-81,-81,-81,-81,-81,-81,-81,-81,-81,-81,-81,-81,-81,-81,-81,-81,-81,-81,-81,-81,-81,-81,-81,-81,-81,-81,-81,-81,-81,-81,-81,-81,-81,-81,-81,-81,-81,-81,-81,-81,-81,-81,-81,-81,-81,-81,-81,-81,-81,-81,-81,-81,-81,-81,-81,-81,-81,-81,-81,-81,-81,-81,-81,-81,-81,-81,-81,-81,-81,-81,-81,-81