-65,-65,-65,-65,-65,-65,-65,-65,-65,-65,-65,-65,-65,-65,-65,-65,-65,-65,-65,-65,-65,-65,-65,-65,-65,-65,-65,-65,-65,-65,-65,-65,-65,-65,-65,-65,-65,-65,-65,-65,-65,-65,-65,-65,-65,-65,-65,-65,-65,-65,-65,-65,-65,-65,-65,-65,-65,-65,-65,-65,-65,-65,-65,-65,-65,-65,-65,-65,-65,-65,-65,-65,-65,-65,-65,-65,-65,-65,-65,-65,-65,-65,-65,-65,-65,-65,-65,-65,-65,-65,-65,-65,-65,-65,-65,-65,-65,-65,-65,-65,-65,-65,-65,-65,-65,-65,-65,-65,-65,-65,-65,-65,-65,-65,-65,-65,-65,-65,-65,-65,-65,-65,-65,-65,-65,-65,-65,-65,-65,-65,-65,-65,-65,-65,-65,-65,-65,-65,-65,-65,-65,-65,-65,-65,-65,-65,-65,-65,-65,-65,-65,-65,-65,-65,-65,-65,-65,-65,-65,-65,-65,-65,-65,-65,-65,-65,-65,-65,-65,-65,-65,-65,-65,-65,-65,-65,-65,-65,-65,-65,-65,-65,-65,-65,-65,-65,-65,-65,-65,-65,-65,-65,-65,-65,-65,-65,-65,-65,-65,-65,-65,-65,-65,-65,-65,-65,-65,-65,-65,-65,-65,-65,-65,-65,-65,-65,-65,-65,-65,-65,-65,-65,-65,-65,-65,-65,-65,-65,-65,-65,-65,-65,-65,-65,-65,-65,-65,-65,-65,-65,-65,-65,-65,-65,-65,-65,-65,-65,-65,-65,-65,-65,-65,-65,-65,-65,-65,-65,-65,-65,-65,-65,-65,-65,-65,-65,-65,-65,-65,-65,-65,-65,-65,-65,-65,-65,-65,-65,-65,-65,-65,-65,-65,-65,-65,-65,-65,-65,-65,-65,-65,-65,-65,-65,-65,-65,-65,-65,-65,-65,-65,-65,-65,-65,-65,-65,-65,-65,-65,-65,-65,-65,-65,-65,-65,-65,-65,-65,-65,-65,-65,-65,-65,-65,-65,-65,-65,-65,-65,-65,-65,-65,-65,-65,-65,-65,-65,-65,-65,-65,-65,-65,-65,-65,-65,-65,-65,-65,-65,-65,-65,-65,-65,-65,-65,-65,-65,-65,-65,-65,-65,-65,-65,-65,-65,-65,-65,-65,-65,-65,-65,-65,-65,-65,-65,-65,-65,-65,-65,-65,-65,-65,-65,-65,-65,-65,-65,-65,-65,-65,-65,-65,-65,-65,-65,-65,-65,-65,-65,-65,-65,-65,-65,-65,-65,-65,-65,-65,-65,-65,-65,-65,-65,-65,-65,-65,-65,-65,-65,-65,-65,-65,-65,-65,-65,-65,-65,-65,-65,-65,-65,-65,-65,-65,-65,-65,-65,-65,-65,-65,-65,-65,-65,-65,-65,-65,-65,-65,-65,-65,-65,-65,-65,-65,-65,-65,-65,-65,-65,-65,-65,-65,-65,-65,-65,-65,-65,-65,-65,-65,-65,-65,-65,-65,-65,-65,-65,-65,-65,-65,-65,-65,-65,-65,-65,-65,-65,-65,-65,-65,-65,-65,-65,-65,-65,-65,-65,-65,-65,-65,-65,-65,-65,-65,-65,-65,-65,-65,-65,-65,-65,-65,-65,-65,-65,-65,-65,-65,-65,-65,-65,-65,-65,-65,-65,-65,-65,-65,-65,-65,-65,-65,-65,-65,-65,-65,-65,-65,-65,-65,-65,-65,-65,-65,-65,-65,-65,-65,-65,-65,-65,-65,-65,-65,-65,-65,-65,-65,-65,-65,-65,-65,-65,-65,-65,-65,-65,-65,-65,-65,-65,-65,-65,-65,-65,-65,-65,-65,-65,-65,-65,-65,-65,-65,-65,-65,-65,-65,-65,-65,-65,-65,-65,-65,-65,-65,-65,-65,-65,-65,-65,-65,-65,-65,-65,-65,-65,-65,-65,-65,-65,-65,-65,-65,-65,-65,-65,-65,-65,-65,-65,-65,-65,-65,-65,-65,-65,-65,-65,-65,-65,-65,-65,-65,-65,-65,-65,-65,-65,-65,-65,-65,-65,-65,-65,-65,-65,-65,-65,-65,-65,-65,-65,-65,-65,-65,-65,-65,-65,-65,-65,-65,-65,-65,-65,-65,-65,-65,-65,-65,-65,-65,-65,-65,-65,-65,-65,-65,-65,-65,-65,-65,-65,-65,-65,-65,-65,-65,-65,-65,-65,-65,-65,-65,-65,-65,-65,-65,-65,-65,-65,-65,-65,-65,-65,-65,-65,-65,-65,-65,-65,-65,-65,-65,-65,-65,-65,-65,-65,-65,-65,-65,-65,-65,-65,-65,-65,-65,-65,-65,-65,-65,-65,-65,-65,-65,-65,-65,-65,-65,-65,-65,-65,-65,-65,-65,-65,-65,-65,-65,-65,-65,-65,-65,-65,-65,-65,-65,-65,-65,-65,-65,-65,-65,-65,-65,-65,-65,-65,-65,-65,-65,-65,-65,-65,-65,-65,-65,-65,-65,-65,-65,-65,-65,-65,-65,-65,-65,-65,-65,-65,-65,-65,-65,-65,-65,-65,-65,-65,-65,-65,-65,-65,-65,-65,-65,-65,-65,-65,-65,-65,-65,-65,-65,-65,-65,-65,-65,-65,-65,-65,-65,-65,-65,-65,-65,-65,-65,-65,-65,-65,-65,-65,-65,-65,-65,-65,-65,-65,-65,-65,-65,-65,-65,-65,-65,-65,-65,-65,-65,-65,-65,-65,-65,-65,-65,-65,-65,-65,-65,-65,-65,-65,-65,-65,-65,-65,-65,-65,-65,-65,-65,-65,-65,-65,-65,-65,-65,-65,-65,-65,-65,-65,-65,-65,-65,-65,-65,-65,-65,-65,-65,-65,-65,-65,-65,-65,-65,-65,-65,-65,-65,-65,-65,-65,-65,-65,-65,-65,-65,-65,-65,-65,-65,-65,-65,-65,-65,-65,-65,-65,-65,-65,-65,-65,-65,-65,-65,-65,-65,-65,-65,-65,-65,-65,-65,-65,-65,-65,-65,-65,-65,-65,-65,-65,-65,-65,-65,-65,-65,-65,-65,-65,-65,-65,-65,-65,-65,-65,-65,-65,-65,-65,-65,-65,-65,-65,-65,-65,-65,-65,-65,-65,-65,-65,-65,-65,-65,-65,-65,-65,-65,-65,-65,-65,-65,-65,-65,-65,-65,-65,-65,-65,-65,-65,-65,-65,-65,-65,-65,-65,-65,-65,-65,-65,-65,-65,-65,-65,-65,-65,-65,-65,-65,-65,-65,-65,-65,-65,-65,-65,-65,-65,-65,-65,-65,-65,-65,-65,-65,-65,-65,-65,-65,-65,-65,-65,-65,-65,-65,-65,-65,-65,-65,-65,-65,-65,-65,-65,-65,-65,-65,-65,-65,-65,-65,-65,-65,-65,-65,-65,-65,-65,-65,-65,-65,-65,-65,-65,-65,-65,-65,-65,-65,-65,-65,-65,-65,-65,-65,-65,-65,-65,-65,-65,-65,-65,-65,-65,-65,-65,-65,-65,-65,-65,-65,-65,-65,-65,-65,-65,-65,-65,-65,-65,-65,-65,-65,-65,-65,-65,-65,-65,-65,-65,-65,-65,-65,-65,-65,-65,-65,-65,-65,-65,-65,-65,-65,-65,-65,-65,-65,-65,-65,-65,-65,-65,-65,-65,-65,-65,-65,-65,-65,-65,-65,-65,-65,-65,-65,-65,-65,-65,-65,-65,-65,-65,-65,-65,-65,-65,-65,-65,-65,-65,-65,-65,-65,-65,-65,-65,-65,-65,-65,-65,-65,-65,-65,-65,-65,-65,-65,-65,-65,-65,-65,-65,-65,-65,-65,-65,-65,-65,-65,-65,-65,-65,-65,-65,-65,-65,-65,-65,-65,-65,-65,-65,-65,-65,-65,-65,-65,-65,-65,-65,-65,-65,-65,-65,-65,-65,-65,-65,-65,-65,-65,-65,-65,-65,-65,-65,-65,-65,-65,-65,-65,-65,-65,-65,-65,-65,-65,-65,-65,-65,-65,-65,-65,-65,-65,-65,-65,-65,-65,-65,-65,-65,-65,-65,-65,-65,-65,-65,-65,-65,-65,-65,-65,-65,-65,-65,-65,-65,-65,-65,-65,-65,-65,-65,-65,-65,-65,-65,-65,-65,-65,-65,-65,-65,-65,-65,-65,-65,-65,-65,-65,-65,-65,-65,-65,-65,-65,-65,-65,-65,-65,-65,-65,-65,-65,-65,-65,-65,-65,-65,-65,-65,-65,-65,-65,-65,-65,-65,-65,-65,-65,-65,-65,-65,-65,-65,-65,-65,-65,-65,-65,-65,-65,-65,-65,-65,-65,-65,-65,-65,-65,-65,-65,-65,-65,-65,-65,-65,-65,-65,-65,-65,-65,-65,-65,-65,-65,-65,-65,-65,-65,-65,-65,-65,-65,-65,-65,-65,-65,-65,-65,-65,-65,-65,-65,-65,-65,-65,-65,-65,-65,-65,-65,-65,-65,-65,-65,-65,-65,-65,-65,-65,-65,-65,-65,-65,-65,-65,-65,-65,-65,-65,-65,-65,-65,-65,-65,-65,-65,-65,-65,-65,-65,-65,-65,-65,-65,-65,-65,-65,-65,-65,-65,-65,-65,-65,-65,-65,-65,-65,-65,-65,-65,-65,-65,-65,-65,-65,-65,-65,-65,-65,-65,-65,-65,-65,-65,-65,-65,-65,-65,-65,-65,-65,-65,-65,-65,-65,-65,-65,-65,-65,-65,-65,-65,-65,-65,-65,-65,-65,-65,-65,-65,-65,-65,-65,-65,-65,-65,-65,-65,-65,-65,-65,-65,-65,-65,-65,-65,-65,-65,-65,-65,-65,-65,-65,-65,-65,-65,-65,-65,-65,-65,-65,-65,-65,-65,-65,-65,-65,-65,-65,-65,-65,-65,-65,-65,-65,-65,-65,-65,-65,-65,-65,-65,-65,-65,-65,-65,-65,-65,-65,-65,-65,-65,-65,-65,-65,-65,-65,-65,-65,-65,-65,-65,-65,-65,-65,-65,-65,-65,-65,-65,-65,-65,-65,-65,-65,-65,-65,-65,-65,-65,-65,-65,-65,-65,-65,-65,-65,-65,-65,-65,-65,-65,-65,-65,-65,-65,-65,-65,-65,-65,-65,-65,-65,-65,-65,-65,-65,-65,-65,-65,-65,-65,-65,-65,-65,-65,-65,-65,-65,-65,-65,-65,-65,-65,-65,-65,-65,-65,-65,-65,-65,-65,-65,-65,-65,-65,-65,-65,-65,-65,-65,-65,-65,-65,-65,-65,-65,-65,-65,-65,-65,-65,-65,-65,-65,-65,-65,-65,-65,-65,-65,-65,-65,-65,-65,-65,-65,-65,-65,-65,-65,-65,-65,-65,-65,-65,-65,-65,-65,-65,-65,-65,-65,-65,-65,-65,-65,-65,-65,-65,-65,-65,-65,-65,-65,-65,-65,-65,-65,-65,-65,-65,-65,-65,-65,-65,-65,-65,-65,-65,-65,-65,-65,-65,-65,-65,-65,-65,-65,-65,-65,-65,-65,-65,-65,-65,-65,-65,-65,-65,-65,-65,-65,-65,-65,-65,-65,-65,-65,-65,-65,-65,-65,-65,-65,-65,-65,-65,-65,-65,-65,-65,-65,-65,-65,-65,-65,-65,-65,-65,-65,-65,-65,-65,-65,-65,-65,-65,-65,-65,-65,-65,-65,-65,-65,-65,-65,-65,-65,-65,-65,-65,-65,-65,-65,-65,-65,-65,-65,-65,-65,-65,-65,-65,-65,-65,-65,-65,-65,-65,-65,-65,-65,-65,-65,-65,-65,-65,-65,-65,-65,-65,-65,-65,-65,-65,-65,-65,-65,-65,-65,-65,-65,-65,-65,-65,-65,-65,-65,-65,-65,-65,-65,-65,-65,-65,-65,-65,-65,-65,-65,-65,-65,-65,-65,-65,-65,-65,-65,-65,-65,-65,-65,-65,-65,-65,-65,-65,-65,-65,-65,-65,-65,-65,-65,-65,-65,-65,-65,-65,-65,-65,-65,-65,-65,-65,-65,-65,-65,-65,-65,-65,-65,-65,-65,-65,-65,-65,-65,-65,-65,-65,-65,-65,-65,-65,-65,-65,-65,-65,-65,-65,-65,-65,-65,-65,-65,-65,-65,-65,-65,-65,-65,-65,-65,-65,-65,-65,-65,-65,-65,-65,-65,-65,-65,-65,-65,-65,-65,-65,-65,-65,-65,-65,-65,-65,-65,-65,-65,-65,-65,-65,-65,-65,-65,-65,-65,-65,-65,-65,-65,-65,-65,-65,-65,-65,-65,-65,-65,-65,-65,-65,-65,-65,-65,-65,-65,-65,-65,-65,-65,-65,-65,-65,-65,-65,-65,-65,-65,-65,-65,-65,-65,-65,-65,-65,-65,-65,-65,-65,-65,-65,-65,-65,-65,-65,-65,-65,-65,-65,-65,-65,-65,-65,-65,-65,-65,-65,-65,-65,-65,-65,-65,-65,-65,-65,-65,-65,-65,-65,-65,-65,-65,-65,-65,-65,-65,-65,-65,-65,-65,-65,-65,-65,-65,-65,-65,-65,-65,-65,-65,-65,-65,-65,-65,-65,-65,-65,-65,-65,-65,-65,-65,-65,-65,-65,-65,-65,-65,-65,-65,-65,-65,-65,-65,-65,-65,-65,-65,-65,-65,-65,-65,-65,-65,-65,-65,-65,-65,-65,-65,-65,-65,-65,-65,-65,-65,-65,-65,-65,-65,-65,-65,-65,-65,-65,-65,-65,-65,-65,-65,-65,-65,-65,-65,-65,-65,-65,-65,-65,-65,-65,-65,-65,-65,-65,-65,-65,-65,-65,-65,-65,-65,-65,-65,-65,-65,-65,-65,-65,-65,-65,-65,-65,-65,-65,-65,-65,-65,-65,-65,-65,-65,-65,-65,-65,-65,-65,-65,-65,-65,-65,-65,-65,-65,-65,-65,-65,-65,-65,-65,-65,-65,-65,-65,-65,-65,-65,-65,-65,-65,-65,-65,-65,-65,-65,-65,-65,-65,-65,-65,-65,-65,-65,-65,-65,-65,-65,-65,-65,-65,-65,-65,-65,-65,-65,-65,-65,-65,-65,-65,-65,-65,-65,-65,-65,-65,-65,-65,-65,-65,-65,-65,-65,-65,-65,-65,-65,-65,-65,-65,-65,-65,-65,-65,-65,-65,-65,-65,-65,-65,-65,-65,-65,-65,-65,-65,-65,-65,-65,-65,-65,-65,-65,-65,-65,-65,-65,-65,-65,-65,-65,-65,-65,-65,-65,-65,-65,-65,-65,-65,-65,-65,-65,-65,-65,-65,-65,-65,-65,-65,-65,-65,-65,-65,-65,-65,-65,-65,-65,-65,-65,-65,-65,-65,-65,-65,-65,-65,-65,-65,-65,-65,-65,-65,-65,-65,-65,-65,-65,-65,-65,-65,-65,-65,-65,-65,-65,-65,-65,-65,-65,-65,-65,-65,-65,-65,-65,-65,-65,-65,-65,-65,-65,-65,-65,-65,-65,-65,-65,-65,-65,-65,-65,-65,-65,-65,-65,-65,-65,-65,-65,-65,-65,-65,-65,-65,-65,-65,-65,-65,-65,-65,-65,-65,-65,-65,-65,-65,-65,-65,-65,-65,-65,-65,-65,-65,-65,-65,-65,-65,-65,-65,-65,-65,-65,-65,-65,-65,-65,-65,-65,-65,-65,-65,-65,-65,-65,-65,-65,-65,-65,-65,-65,-65,-65,-65,-65,-65,-65,-65,-65,-65,-65,-65,-65,-65,-65,-65,-65,-65,-65,-65,-65,-65,-65,-65,-65,-65,-65,-65,-65,-65,-65,-65,-65,-65,-65,-65,-65,-65,-65,-65,-65,-65,-65,-65,-65,-65,-65,-65,-65,-65,-65,-65,-65,-65,-65,-65,-65,-65,-65,-65,-65,-65,-65,-65,-65,-65,-65,-65,-65,-65,-65,-65,-65,-65,-65,-65,-65,-65,-65,-65,-65,-65,-65,-65,-65,-65,-65,-65,-65,-65,-65,-65,-65,-65,-65,-65,-65,-65,-65,-65,-65,-65,-65,-65,-65,-65,-65,-65,-65,-65,-65,-65,-65,-65,-65,-65,-65,-65,-65,-65,-65,-65,-65,-65,-65,-65,-65,-65,-65,-65,-65,-65,-65,-65,-65,-65,-65,-65,-65,-65,-65,-65,-65,-65,-65,-65,-65,-65,-65,-65,-65,-65,-65,-65,-65,-65,-65,-65,-65,-65,-65,-65,-65,-65,-65,-65,-65,-65,-65,-65,-65,-65,-65,-65,-65,-65,-65,-65,-65,-65,-65,-65,-65,-65,-65,-65,-65,-65,-65,-65,-65,-65,-65,-65,-65,-65,-65,-65,-65,-65,-65,-65,-65,-65,-65,-65,-65,-65,-65,-65,-65,-65,-65,-65,-65,-65,-65,-65,-65,-65,-65,-65,-65,-65,-65,-65,-65,-65,-65,-65,-65,-65,-65,-65,-65,-65,-65,-65,-65,-65,-65,-65,-65,-65,-65,-65,-65,-65,-65,-65,-65,-65,-65,-65,-65,-65,-65,-65,-65,-65,-65,-65,-65,-65,-65,-65,-65,-65,-65,-65,-65,-65,-65,-65,-65,-65,-65,-65,-65,-65,-65,-65,-65,-65,-65,-65,-65,-65,-65,-65,-65,-65,-65,-65,-65,-65,-65,-65,-65,-65,-65,-65,-65,-65,-65,-65,-65,-65,-65,-65,-65,-65,-65,-65,-65,-65,-65,-65,-65,-65,-65,-65,-65,-65,-65,-65,-65,-65,-65,-65,-65,-65,-65,-65,-65,-65,-65,-65,-65,-65,-65,-65,-65,-65,-65,-65,-65,-65,-65,-65,-65,-65,-65,-65,-65,-65,-65,-65,-65,-65,-65,-65,-65,-65,-65,-65,-65,-65,-65,-65,-65,-65,-65,-65,-65,-65,-65,-65,-65,-65,-65,-65,-65,-65,-65,-65,-65,-65,-65,-65,-65,-65,-65,-65,-65,-65,-65,-65,-65,-65,-65,-65,-65,-65,-65,-65,-65,-65,-65,-65,-65,-65,-65,-65,-65,-65,-65,-65,-65,-65,-65,-65,-65,-65,-65,-65,-65,-65,-65,-65,-65,-65,-65,-65,-65,-65,-65,-65,-65,-65,-65,-65,-65,-65,-65,-65,-65,-65,-65,-65,-65,-65,-65,-65,-65,-65,-65,-65,-65,-65,-65,-65,-65,-65,-65,-65,-65,-65,-65,-65,-65,-65,-65,-65,-65,-65,-65,-65,-65,-65,-65,-65,-65,-65,-65,-65,-65,-65,-65,-65,-65,-65,-65,-65,-65,-65,-65,-65,-65,-65,-65,-65,-65,-65,-65,-65,-65,-65,-65,-65,-65,-65,-65,-65,-65,-65,-65,-65,-65,-65,-65,-65,-65,-65,-65,-65,-65,-65,-65,-65,-65,-65,-65,-65,-65,-65,-65,-65,-65,-65,-65,-65,-65,-65,-66,-66,-66,-66,-66,-66,-66,-66,-66,-66,-66,-66,-66,-66,-66,-66,-66,-66,-65,-65,-65,-65,-65,-65,-65,-65,-65,-65,-65,-65,-65,-65,-65,-65,-65,-65,-65,-65,-65,-65,-65,-65,-65,-65,-65,-65,-65,-65,-65,-65,-65,-65,-65,-65,-65,-65,-65,-65,-65,-65,-65,-65,-65,-65,-65,-65,-65,-65,-65,-65,-65,-65,-65,-65,-65,-65,-65,-65,-65,-65,-65,-65,-65,-65,-65,-65,-65,-65,-65,-65,-65,-65,-65,-65,-65,-65,-65,-65,-65,-65,-65,-65,-65,-65,-65,-65,-65,-65,-65,-65,-65,-65,-65,-65,-65,-65,-65,-65,-65,-65,-65,-65,-65,-65,-65,-65,-65,-65,-65,-65,-65,-65,-65,-65,-65,-65,-65,-65,-65,-65,-65,-65,-65,-65,-65,-65,-65,-65,-65,-65,-65,-65,-65,-65,-65,-65,-65,-65,-65,-65,-65,-65,-65,-65,-65,-65,-65,-65,-65,-73,-73,-73,-73,-73,-73,-73,-73,-73,-73,-73,-73,-73,-73,-73,-73,-73,-73,-73,-73,-73,-73,-73,-73,-73,-73,-73,-73,-73,-73,-73,-73,-73,-73,-73,-73,-73,-73,-73,-73,-73,-73,-73,-73,-73,-73,-73,-73,-73,-73,-73,-73,-73,-73,-73,-73,-73,-73,-73,-73,-73,-73,-73,-73,-73,-73,-73,-73,-73,-73,-73,-73,-73,-73,-73,-73,-73,-73,-73,-73,-73,-73,-73,-73,-73,-73,-73,-73,-73,-73,-73,-73,-73,-73,-73,-73,-73,-73,-73,-73,-73,-73,-73,-73,-73,-73,-73,-73,-73,-73,-73,-73,-73,-73,-73,-73,-71,-71,-71,-71,-71,-71,-71,-71,-71,-71,-71,-71,-71,-71,-71,-71,-71,-71,-71,-71,-71,-71,-71,-71,-71,-71,-71,-71,-71,-71,-71,-71,-71,-71,-71,-71,-71,-71,-66,-66,-66,-66,-66,-66,-66,-66,-66,-66,-66,-66,-66,-66,-66,-66,-66,-66,-66,-66,-66,-66,-66,-66,-66,-66,-66,-66,-66,-66,-66,-66,-66,-66,-66,-66,-66,-66,-66,-66,-66,-66,-66,-66,-66,-66,-66,-66,-66,-66,-66,-66,-66,-66,-66,-66,-66,-66,-66,-66,-66,-66,-66,-66,-66,-66,-66,-66,-66,-66,-66,-66,-66,-66,-66,-66,-66,-66,-66,-66,-66,-66,-66,-66,-66,-66,-66,-66,-66,-66,-66,-66,-66,-66,-66,-66,-66,-66,-66,-66,-66,-66,-66,-66,-66,-66,-66,-66,-66,-66,-66,-66,-66,-66,-66,-66,-66,-66,-66,-66,-66,-66,-66,-66,-66,-66,-66,-66,-66,-66,-66,-66,-66,-66,-66,-66,-66,-66,-66,-66,-66,-66,-66,-66,-66,-66,-66,-66,-66,-66,-66,-66,-66,-66,-66,-66,-66,-66,-66,-66,-66,-66,-66,-66,-66,-66,-66,-66,-66,-66,-66,-66,-66,-66,-66,-66,-66,-66,-66,-66,-66,-66,-66,-66,-66,-66,-66,-66,-66,-66,-66,-66,-66,-66,-66,-66,-66,-66,-66,-66,-66,-66,-66,-66,-66,-66,-66,-66,-66,-66,-66,-66,-66,-66,-66,-66,-66,-66,-66,-66,-66,-66,-66,-66,-66,-66,-66,-66,-66,-66,-66,-66,-66,-66,-66,-66,-66,-66,-66,-66,-66,-66,-66,-66,-66,-66,-66,-66,-66,-66,-66,-66,-66,-66,-66,-66,-66,-66,-66,-66,-66,-66,-66,-66,-66,-66,-66,-66,-66,-66,-66,-66,-66,-66,-66,-66,-66,-66,-66,-66,-66,-66,-66,-66,-66,-66,-66,-66,-66,-66,-66,-66,-66,-66,-66,-66,-66,-66,-66,-66,-66,-66,-66,-66,-66,-66,-66,-66,-66,-66,-66,-66,-66,-66,-66,-66,-66,-66,-66,-66,-66,-66,-66,-66,-66,-66,-66,-66,-66,-66,-66,-66,-66,-66,-66,-66,-66,-66,-66,-66,-66,-66,-66,-66,-66,-66,-66,-66,-66,-66,-66,-66,-66,-66,-66,-66,-66,-66,-66,-66,-66,-66,-66,-66,-66,-66,-66,-66,-66,-66,-66,-66,-66,-66,-66,-66,-66,-66,-66,-66,-66,-66,-66,-66,-66,-66,-66,-66,-66,-66,-66,-66,-66,-66,-66,-66,-66,-66,-66,-66,-66,-66,-66,-66,-66,-66,-66,-66,-66,-66,-66,-66,-66,-66,-66,-66,-66,-66,-66,-66,-66,-66,-66,-66,-66,-66,-66,-66,-66,-66,-66,-66,-66,-66,-66,-66,-66,-66,-66,-66,-66,-66,-66,-66,-66,-66,-66,-66,-66,-66,-66,-66,-66,-66,-66,-66,-66,-66,-66,-66,-66,-66,-66,-66,-66,-66,-66,-66,-66,-66,-66,-66,-66,-66,-66,-66,-66,-66,-66,-66,-66,-66,-66,-66,-66,-66,-66,-66,-66,-66,-66,-66,-66,-66,-66,-66,-66,-66,-66,-66,-66,-65,-65,-65,-65,-65,-65,-65,-65,-65,-65,-65,-65,-65,-65,-65,-65,-65,-65,-65,-65,-65,-65,-65,-65,-65,-65,-65,-65,-65,-65,-65,-65,-65,-65,-65,-65,-65,-65,-65,-65,-65,-65,-65,-65,-65,-65,-65,-65,-65,-65,-65,-65,-65,-65,-65,-65,-65,-64,-64,-64,-64,-64,-64,-64,-64,-64,-64,-64,-64,-64,-64,-64,-64,-64,-64,-64,-64,-64,-64,-64,-64,-64,-64,-64,-64,-64,-64,-64,-64,-64,-64,-64,-64,-64,-64,-64,-64,-64,-64,-64,-64,-64,-64,-64,-64,-64,-64,-64,-64,-64,-64,-64,-64,-64,-64,-64,-64,-64,-64,-64,-64,-64,-64,-64,-64,-64,-64,-64,-64,-65,-65,-65,-65,-65,-65,-65,-65,-65,-65,-65,-65,-65,-65,-65,-65,-65,-65,-65,-65,-65,-65,-65,-65,-65,-65,-65,-65,-65,-65,-65,-65,-65,-65,-65,-65,-65,-65,-65,-65,-65,-65,-65,-65,-65,-65,-65,-65,-65,-65,-65,-64,-64,-64,-64,-64,-64,-64,-64,-64,-64,-64,-64,-64,-64,-64,-64,-64,-64,-64,-64,-64,-64,-64,-64,-64,-64,-64,-64,-64,-64,-64,-64,-64,-64,-64,-64,-64,-64,-64,-64,-64,-64,-64,-64,-64,-64,-64,-64,-64,-64,-64,-64,-64,-64,-64,-64,-64,-64,-64,-64,-64,-64,-64,-64,-64,-64,-64,-64,-64,-64,-64,-64,-64,-64,-64,-64,-64,-64,-64,-64,-64,-64,-64,-64,-64,-64,-64,-64,-64,-65,-65,-65,-65,-65,-65,-65,-65,-65,-65,-65,-65,-65,-65,-65,-65,-65,-65,-65,-65,-65,-65,-65,-65,-65,-65,-65,-65,-65,-65,-65,-65,-65,-65,-65,-65,-65,-65,-65,-65,-65,-65,-65,-65,-65,-65,-65,-65,-65,-65,-65,-65,-65,-65,-65,-65,-65,-65,-65,-65,-65,-65,-65,-65,-65,-65,-65,-65,-65,-65,-65,-65,-65,-65,-65,-65,-65,-65,-65,-65,-65,-65,-65,-65,-65,-65,-65,-65,-65,-65,-65,-65,-65,-65,-65,-65,-65,-65,-65,-65,-65,-65,-65,-65,-65,-65,-65,-65,-65,-65,-65,-65,-65,-65,-65,-65,-65,-65,-65,-65,-65,-65,-65,-65,-65,-65,-65,-65,-65,-65,-65,-65,-65,-65,-65,-65,-65,-65,-65,-65,-65,-65,-65,-65,-65,-65,-65,-65,-65,-65,-65,-65,-65,-65,-65,-65,-65,-65,-65,-65,-65,-65,-65,-65,-65,-65,-65,-65,-65,-65,-65,-65,-65,-65,-65,-65,-65,-65,-65,-65,-65,-65,-65,-65,-65,-65,-65,-65,-65,-65,-65,-65,-65,-65,-65,-65,-65,-65,-65,-65,-65,-65,-65,-65,-65,-65,-65,-65,-65,-65,-65,-65,-65,-65,-65,-65,-65,-65,-65,-65,-65,-65,-65,-65,-65,-65,-65,-65,-65,-65,-65,-65,-65,-65,-65,-65,-65,-65,-65,-65,-65,-65,-65,-65,-65,-65,-65,-65,-65,-65,-65,-65,-65,-65,-65,-65,-65,-65,-65,-65,-65,-65,-65,-65,-65,-65,-65,-65,-65,-65,-65,-65,-65,-65,-65,-65,-65,-65,-65,-65,-65,-65,-65,-65,-65,-65,-65,-65,-65,-65,-65,-65,-65,-65,-65,-65,-65,-65,-65,-65,-65,-65,-65,-65,-65,-65,-65,-65,-65,-65,-65,-65,-65,-65,-65,-65,-65,-65,-65,-65,-65,-65,-65,-65,-65,-65,-65,-65,-65,-65,-65,-65,-65,-65,-65,-65,-65,-65,-65,-65,-65,-65,-65,-65,-65,-65,-65,-65,-65,-65,-65,-65,-65,-65,-65,-65,-65,-65,-65,-65,-65,-65,-65,-65,-65,-65,-65,-65,-65,-65,-65,-65,-65,-65,-65,-65,-65,-65,-65,-65,-65,-65,-65,-65,-65,-65,-65,-65,-65,-65,-65,-65,-65,-65,-65,-65,-65,-65,-65,-65,-65,-65,-65,-65,-65,-65,-65,-65,-65,-65,-65,-65,-65,-65,-65,-65,-65,-65,-65,-65,-65,-65,-65,-65,-65,-65,-65,-65,-65,-65,-65,-65,-65,-65,-65,-65,-65,-65,-65,-65,-65,-65,-65,-65,-65,-65,-65,-65,-65,-65,-65,-65,-65,-65,-65,-65,-65,-65,-65,-65,-65,-65,-65,-65,-65,-65,-65,-65,-65,-65,-65,-65,-65,-65,-65,-65,-65,-65,-65,-65,-65,-65,-65,-65,-65,-65,-65,-65,-65,-65,-65,-65,-65,-65,-65,-65,-65,-65,-65,-65,-65,-65,-65,-65,-65,-65,-65,-65,-65,-65,-65,-65,-65,-65,-65,-65,-65,-65,-65,-65,-65,-65,-65,-65,-65,-65,-65,-65,-65,-65,-65,-65,-65,-65,-65,-65,-65,-65,-65,-65,-65,-65,-65,-65,-65,-65,-65,-65,-65,-65,-65,-65,-65,-65,-65,-65,-65,-65,-65,-65,-65,-65,-65,-65,-65,-65,-65,-65,-65,-65,-65,-65,-65,-65,-65,-65,-65,-65,-65,-65,-65,-65,-65,-65,-65,-65,-65,-65,-65,-65,-65,-65,-65,-65,-65,-65,-65,-65,-65,-65,-65,-65,-65,-65,-65,-65,-65,-65,-65,-65,-65,-65,-65,-65,-65,-65,-65,-65,-65,-65,-65,-65,-65,-65,-65,-65,-65,-65,-65,-65,-65,-65,-65,-65,-65,-65,-65,-65,-65,-65,-65,-65,-65,-65,-65,-65,-65,-65,-65,-65,-65,-65,-65,-65,-65,-65,-65,-65,-65,-65,-65,-65,-65,-65,-65,-65,-65,-65,-65,-65,-65,-65,-65,-65,-65,-65,-65,-65,-65,-65,-65,-65,-65,-65,-65,-65,-65,-65,-65,-65,-65,-65,-65,-65,-65,-65,-65,-65,-65,-65,-65,-65,-65,-65,-65,-65,-65,-65,-65,-65,-65,-65,-65,-65,-65,-65,-65,-65,-65,-65,-65,-65,-65,-65,-65,-65,-65,-65,-65,-65,-65,-65,-65,-65,-65,-65,-65,-65,-65,-65,-65,-65,-65,-65,-65,-65,-65,-65,-65,-65,-65,-65,-65,-65,-65,-65,-65,-65,-65,-65,-65,-65,-65,-65,-65,-65,-65,-65,-65,-65,-65,-65,-65,-65,-65,-65,-65,-65,-65,-65,-65,-65,-65,-65,-65,-65,-65,-65,-65,-65,-65,-65,-65,-65,-65,-65,-65,-65,-65,-65,-65,-65,-65,-65,-65,-65,-65,-65,-65,-65,-65,-65,-65,-65,-65,-65,-65,-65,-65,-65,-65,-65,-65,-65,-65,-65,-65,-65,-65,-65,-65,-65,-65,-65,-65,-65,-65,-65,-65,-65,-65,-65,-65,-65,-65,-65,-65,-65,-65,-65,-65,-65,-65,-65,-65,-65,-65,-65,-65,-65,-65,-65,-65,-65,-65,-65,-65,-65,-65,-65,-65,-65,-65,-65,-65,-65,-65,-65,-65,-65,-65,-65,-65,-65,-65,-65,-65,-65,-65,-65,-65,-65,-65,-65,-65,-65,-65,-65,-65,-65,-65,-65,-65,-65,-65,-65,-65,-65,-65,-65,-65,-65,-65,-65,-65,-65,-65,-65,-65,-65,-65,-65,-65,-65,-65,-65,-65,-65,-65,-65,-65,-65,-65,-65,-65,-65,-65,-65,-65,-65,-65,-65,-65,-65,-65,-65,-65,-65,-65,-65,-65,-65,-65,-65,-65,-65,-65,-65,-65,-65,-65,-65,-65,-65,-65,-65,-65,-65,-65,-65,-65,-65,-65,-65,-65,-65,-65,-65,-65,-65,-65,-65,-65,-65,-65,-65,-65,-65,-65,-65,-65,-65,-65,-65,-65,-65,-65,-65,-65,-65,-65,-65,-65,-65,-65,-65,-65,-65,-65,-65,-65,-65,-65,-65,-65,-65,-65,-65,-65,-65,-65,-65,-65,-65,-65,-65,-65,-65,-65,-65,-65,-65,-65,-65,-65,-65,-65,-65,-65,-65,-65,-65,-65,-65,-65,-65,-65,-65,-65,-65,-65,-65,-65,-65,-65,-65,-65,-65,-65,-65,-65,-65,-65,-65,-65,-65,-65,-65,-65,-65,-65,-65,-65,-65,-65,-65,-65,-65,-65,-65,-65,-65,-65,-65,-65,-65,-65,-65,-65,-65,-65,-65,-65,-65,-65,-65,-65,-65,-65,-65,-65,-65,-65,-65,-65,-65,-65,-65,-65,-65,-65,-65,-65,-65,-65,-65,-65,-65,-65,-65,-65,-65,-65,-65,-65,-65,-65,-65,-65,-65,-65,-65,-65,-65,-65,-65,-65,-65,-65,-65,-65,-65,-65,-65,-65,-65,-65,-65,-65,-65,-65,-65,-65,-65,-65,-65,-65,-65,-65,-65,-65,-65,-65,-65,-65,-65,-65,-65,-65,-65,-65,-65,-65,-65,-65,-65,-65,-65,-65,-65,-65,-65,-65,-65,-65,-65,-65,-65,-65,-65,-65,-65,-65,-65,-65,-65,-65,-65,-65,-65,-65,-65,-65,-65,-65,-65,-65,-65,-65,-65,-65,-65,-65,-65,-65,-65,-65,-65,-65,-65,-65,-65,-65,-65,-65,-65,-65,-65,-65,-65,-65,-65,-65,-65,-65,-65,-65,-65,-65,-65,-65,-65,-65,-65,-65,-65,-65,-65,-65,-65,-65,-65,-65,-65,-65,-65,-65,-65,-65,-65,-65,-65,-65,-65,-65,-65,-65,-65,-65,-65,-65,-65,-65,-65,-65,-65,-65,-65,-65,-65,-65,-65,-65,-65,-65,-65,-65,-65,-65,-65,-65,-65,-65,-65,-65,-65,-65,-65,-65,-65,-65,-65,-65,-65,-65,-65,-65,-65,-65,-65,-65,-65,-65,-65,-65,-65,-65,-65,-65,-65,-65,-65,-65,-65,-65,-65,-65,-65,-65,-65,-65,-65,-65,-65,-65,-65,-65,-65,-65,-65,-65,-65,-65,-65,-65,-65,-65,-65,-65,-65,-65,-65,-65,-65,-65,-65,-65,-65,-65,-65,-65,-65,-65,-65,-65,-65,-65,-65,-65,-65,-65,-65,-65,-65,-65,-65,-65,-65,-65,-65,-65,-65,-65,-65,-65,-65,-65,-65,-65,-65,-65,-65,-65,-65,-65,-65,-65,-65,-65,-65,-65,-65,-65,-65,-65,-65,-65,-65,-65,-65,-65,-65,-65,-65,-65,-65,-65,-65,-65,-65,-65,-65,-65,-65,-65,-65,-65,-65,-65,-65,-65,-65,-65,-65,-65,-65,-65,-65,-65,-65,-65,-65,-65,-65,-65,-65,-65,-65,-65,-65,-65,-65,-65,-65,-65,-65,-65,-65,-65,-65,-65,-65,-65,-65,-65,-65,-65,-65,-65,-65,-65,-65,-65,-65,-65,-65,-65,-65,-65,-65,-65,-65,-65,-65,-65,-65,-65,-65,-65,-65,-65,-65,-65,-65,-65,-65,-65,-65,-65,-65,-65,-65,-65,-65,-65,-65,-65,-65,-65,-65,-65,-65,-65,-65,-65,-65,-65,-65,-65,-65,-65,-65,-65,-65,-65,-65,-65,-65,-65,-65,-65,-65,-65,-65,-65,-65,-65,-65,-65,-65,-65,-65,-65,-65,-65,-65,-65,-65,-65,-65,-65,-65,-65,-65,-65,-65,-65,-65,-65,-65,-65,-65,-65,-65,-65,-65,-65,-65,-65,-65,-65,-65,-65,-65,-65,-65,-65,-65,-65,-65,-65,-65,-65,-65,-65,-65,-65,-65,-65,-65,-65,-65,-65,-65,-65,-65,-65,-65,-65,-65,-65,-65,-65,-65,-65,-65,-65,-65,-65,-65,-65,-65,-65,-65,-65,-65,-65,-65,-65,-65,-65,-65,-65,-65,-65,-65,-65,-65,-65,-65,-65,-65,-65,-65,-65,-65,-65,-65,-65,-65,-65,-65,-65,-65,-65,-65,-65,-65,-65,-65,-65,-65,-65,-65,-65,-65,-65,-65,-65,-65,-65,-65,-65,-65,-65,-65,-65,-65,-65,-65,-65,-65,-65,-65,-65,-65,-65,-65,-65,-65,-65,-65,-65,-65,-65,-65,-65,-65,-65,-65,-65,-65,-65,-65,-65,-65,-65,-65,-65,-65,-65,-65,-65,-65,-65,-65,-65,-65,-65,-65,-65,-65,-65,-65,-65,-65,-65,-65,-65,-65,-65,-65,-65,-65,-65,-65,-65,-65,-65,-65,-65,-65,-65,-65,-65,-65,-65,-65,-65,-65,-65,-65,-65,-65,-65,-65,-65,-65,-65,-65,-65,-65,-65,-65,-65,-65,-65,-65,-65,-65,-65,-65,-65,-65,-65,-65,-65,-65,-65,-65,-65,-65,-65,-65,-65,-65,-65,-65,-65,-65,-65,-65,-65,-65,-65,-65,-65,-65,-65,-65,-65,-65,-65,-65,-65,-65,-65,-65,-65,-65,-65,-65,-65,-65,-65,-65,-65,-65,-65,-65,-65,-65,-65,-65,-65,-65,-65,-65,-65,-65,-65,-65,-65,-65,-65,-65,-65,-65,-65,-65,-65,-65,-65,-65,-65,-65,-65,-65,-65,-65,-65,-65,-65,-65,-65,-65,-65,-65,-65,-65,-65,-65,-65,-65,-65,-65,-65,-65,-65,-65,-65,-65,-65,-65,-65,-65,-65,-65,-65,-65,-65,-65,-65,-65,-65,-65,-65,-65,-65,-65,-65,-65,-65,-65,-65,-65,-65,-65,-65,-65,-65,-65,-65,-65,-65,-65,-65,-65,-65,-65,-65,-65,-65,-65,-65,-65,-65,-65,-65,-65,-65,-65,-65,-65,-65,-65,-65,-65,-65,-65,-65,-65,-65,-65,-65,-65,-65,-65,-65,-65,-65,-65,-65,-65,-65,-65,-65,-65,-65,-65,-65,-65,-65,-65,-65,-65,-65,-65,-65,-65,-65,-65,-65,-65,-65,-65,-65,-65,-65,-65,-65,-65,-65,-65,-65,-65,-65,-65,-65,-65,-65,-65,-65,-65,-65,-65,-65,-65,-65,-65,-65,-65,-65,-65,-65,-65,-65,-65,-65,-65,-65,-65,-65,-65,-65,-65,-65,-65,-65,-65,-65,-65,-65,-65,-65,-65,-65,-65,-65,-65,-65,-65,-65,-65,-65,-65,-65,-65,-65,-65,-65,-65,-65,-65,-65,-65,-65,-65,-65,-65,-65,-65,-65,-65,-65,-65,-65,-65,-65,-65,-65,-65,-65,-65,-65,-65,-65,-65,-65,-65,-65,-65,-65,-65,-65,-65,-65,-65,-65,-65,-65,-65,-65,-65,-65,-65,-65,-65,-65,-65,-65,-65,-65,-65,-65,-65,-65,-65,-65,-65,-65,-65,-65,-65,-65,-65,-65,-65,-65,-65,-65,-65,-65,-65,-65,-65,-65,-65,-65,-65,-65,-65,-65,-65,-65,-65,-65,-65,-65,-65,-65,-65,-65,-65,-65,-65,-65,-65,-65,-65,-65,-65,-65,-65,-65,-65,-65,-65,-65,-65,-65,-65,-65,-65,-65,-65,-65,-65,-65,-65,-65,-65,-65,-65,-65,-65,-65,-65,-65,-65,-65,-65,-65,-65,-65,-65,-65,-65,-65,-65,-65,-65,-65,-65,-65,-65,-65,-65,-65,-65,-65,-65,-65,-65,-65,-65,-65,-65,-65,-65,-65,-65,-65,-65,-65,-65,-65,-65,-65,-65,-65,-65,-65,-65,-65,-65,-65,-65,-65,-65,-65,-65,-65,-65,-65,-65,-65,-65,-65,-65,-65,-65,-65,-65,-65,-65,-65,-65,-65,-65,-65,-65,-65,-65,-65,-65,-65,-65,-65,-65,-65,-65,-65,-65,-65,-65,-65,-65,-65,-65,-65,-65,-65,-65,-65,-65,-65,-65,-65,-65,-65,-65,-65,-65,-65,-65,-65,-65,-65,-65,-65,-65,-65,-65,-65,-65,-65,-65,-65,-65,-65,-65,-65,-65,-65,-65,-65,-65,-65,-65,-65,-65,-65,-65,-65,-65,-65,-65,-65,-65,-65,-65,-65,-65,-65,-65,-65,-65,-65,-65,-65,-65,-65,-65,-65,-65,-65,-65,-65,-65,-65,-65,-65,-65,-65,-65,-65,-65,-65,-65,-65,-65,-65,-65,-65,-65,-65,-65,-65,-65,-65,-65,-65,-65,-65,-65,-65,-65,-65,-65,-65,-65,-65,-65,-65,-65,-65,-65,-65,-65,-65,-65,-65,-65,-65,-65,-65,-65,-65,-65,-65,-65,-65,-65,-65,-65,-65,-65,-65,-65,-65,-65,-65,-65,-65,-65,-65,-65,-65,-65,-65,-65,-65,-65,-65,-65,-65,-65,-65,-65,-65,-65,-65,-65,-65,-65,-65,-65,-65,-65,-65,-65,-65,-65,-65,-65,-65,-65,-65,-65,-65,-65,-65,-65,-65,-65,-65,-65,-65,-65,-65,-65,-65,-65,-65,-65,-65,-65,-65,-65,-65,-65,-65,-65,-65,-65,-65,-65,-65,-65,-65,-65,-65,-65,-65,-65,-65,-65,-65,-65,-65,-65,-65,-65,-65,-65,-65,-65,-65,-65,-65,-65,-65,-65,-65,-65,-65,-65,-65,-65,-65,-65,-65,-65,-65,-65,-65,-65,-65,-65,-65,-65,-65,-65,-65,-65,-65,-65,-65,-65,-65,-65,-65,-65,-65,-65,-65,-65,-65,-65,-65,-65,-65,-65,-65,-65,-65,-65,-65,-65,-65,-65,-65,-65,-65,-65,-65,-65,-65,-65,-65,-65,-65,-65,-65,-65,-65,-65,-65,-65,-65,-65,-65,-65,-65,-65,-65,-65,-65,-65,-65,-65,-65,-65,-65,-65,-65,-65,-65,-65,-65,-65,-65,-65,-65,-65,-65,-65,-65,-65,-65,-65,-65,-65,-65,-65,-65,-65,-65,-65,-65,-65,-65,-65,-65,-65,-65,-65,-65,-65,-65,-65,-65,-65,-65,-65,-65,-65,-65,-65,-65,-65,-65,-65,-65,-65,-65,-65,-65,-65,-65,-65,-65,-65,-65,-65,-65,-65,-65,-65,-65,-65,-65,-65,-65,-65,-65,-65,-65,-65,-65,-65,-65,-65,-65,-65,-65,-65,-65,-65,-65,-65,-65,-65,-65,-65,-65,-65,-65,-65,-65,-65,-65,-65,-65,-65,-65,-65,-65,-65,-65,-65,-65,-65,-65,-65,-65,-65,-65,-65,-65,-65,-65,-65,-65,-65,-65,-65,-65,-65,-65,-65,-65,-65,-65,-65,-65,-65,-65,-65,-65,-65,-65,-65,-65,-65,-65,-65,-65,-65,-65,-65,-65,-65,-65,-65,-65,-65,-65,-65,-65,-65,-65,-65,-65,-65,-65,-65,-65,-65,-65,-65,-65,-65,-65,-65,-65,-65,-65,-65,-65,-65,-65,-65,-65,-65,-65,-65,-65,-65,-65,-65,-65,-65,-65,-65,-65,-65,-65,-65,-65,-65,-65,-65,-65,-65,-65,-65,-65,-65,-65,-65,-65,-65,-65,-65,-65,-65,-65,-65,-65,-65,-65,-65,-65,-65,-65,-65,-65,-65,-65,-65,-65,-65,-65,-65,-65,-65,-65,-65,-65,-65,-65,-65,-65,-65,-65,-65,-65,-65,-65,-65,-65,-65,-65,-65,-65,-65,-65,-65,-65,-65,-65,-65,-65,-65,-65,-65,-65,-65,-65,-65,-65,-65,-65,-65,-65,-65,-65,-65,-65,-65,-65,-65,-65,-65,-65,-65,-65,-65,-65,-65,-65,-65,-65,-65,-65,-65,-65,-65,-65,-65,-65,-65,-65,-65,-65,-65,-65,-65,-65,-65,-65,-65,-65,-65,-65,-65,-65,-65,-65,-65,-65,-65,-65,-65,-65,-65,-65,-65,-65,-65,-65,-65,-65,-65,-65,-65,-65,-65,-65,-65,-65,-65,-65,-65,-65,-65,-65,-65,-65,-65,-65,-65,-65,-65,-65,-65,-65,-65,-65,-65,-65,-65,-65,-65,-65,-65,-65,-65,-65,-65,-65,-65,-65,-65,-65,-65,-65,-65,-65,-65,-65,-65,-65,-65,-65,-65,-65,-65,-65,-65,-65,-65,-65,-65,-65,-65,-65,-65,-65,-65,-65,-65,-65,-65,-65,-65,-65,-65,-65,-65,-65,-65,-65,-65,-65,-65,-65,-65,-65,-65,-65,-65,-65,-65,-65,-65,-65,-65,-65,-65,-65,-65,-65,-65,-65,-65,-65,-65,-65,-65,-65,-65,-65,-65,-65,-65,-65,-65,-65,-65,-65,-65,-65,-65,-65,-65,-65,-65,-65,-65,-65,-65,-65,-65,-65,-65,-65,-65,-65,-65,-65,-65,-65,-65,-65,-65,-65,-65,-65,-65,-65,-65,-65,-65,-65,-65,-65,-65,-65,-65,-65,-65,-65,-65,-65,-65,-65,-65,-65,-65,-65,-65,-65,-65,-65,-65,-65,-65,-65,-65,-65,-65,-65,-65,-65,-65,-65,-65,-65,-65,-65,-65,-65,-65,-65,-65,-65,-65,-65,-65,-65,-65,-65,-65,-65,-65,-65,-65,-65,-65,-65,-65,-65,-65,-65,-65,-65,-65,-65,-65,-65,-65,-65,-65,-65,-65,-65,-65,-65,-65,-65,-65,-65,-65,-65,-65,-65,-65,-65,-65,-65,-65,-65,-65,-65,-65,-65,-65,-65,-65,-65,-65,-65,-65,-65,-65,-65,-65,-65,-65,-65,-65,-65,-65,-65,-65,-65,-65,-65,-65,-65,-65,-65,-65,-65,-65,-65,-65,-65,-65,-65,-65,-65,-65,-65,-65,-65,-65,-65,-65,-65,-65,-65,-65,-65,-65,-65,-65,-65,-65,-65,-65,-65,-65,-65,-65,-65,-65,-65,-65,-65,-65,-65,-65,-65,-65,-65,-65,-65,-65,-65,-65,-65,-65,-65,-65,-65,-65,-65,-65,-65,-65,-65,-65,-65,-65,-65,-65,-65,-65,-65,-65,-65,-65,-65,-65,-65,-65,-65,-65,-65,-65,-65,-65,-65,-65,-65,-65,-65,-65,-65,-65,-65,-65,-65,-65,-65,-65,-65,-65,-65,-65,-65,-65,-65,-65,-65,-65,-65,-65,-65,-65,-65,-65,-65,-65,-65,-65,-65,-65,-65,-65,-65,-65,-65,-65,-65,-65,-65,-65,-65,-65,-65,-65,-65,-65,-65,-65,-65,-65,-65,-65,-65,-65,-65,-65,-65,-65,-65,-65,-65,-65,-65,-65,-65,-65,-65,-65,-65,-65,-65,-65,-65,-65,-65,-65,-65,-65,-65,-65,-65,-65,-65,-65,-65,-65,-65,-65,-65,-65,-65,-65,-65,-65,-65,-65,-65,-65,-65,-65,-65,-65,-65,-65,-65,-65,-65,-65,-65,-65,-65,-65,-65,-65,-65,-65,-65,-65,-65,-65,-65,-65,-65,-65,-65,-65,-65,-65,-65,-65,-65,-65,-65,-65,-65,-65,-65,-65,-65,-65,-65,-65,-65,-65,-65,-65,-65,-65,-65,-65,-65,-65,-65,-65,-65,-65,-65,-65,-65,-65,-65,-65,-65,-65,-65,-65,-65,-65,-65,-65,-65,-65,-65,-65,-65,-65,-65,-65,-65,-65,-65,-65,-65,-65,-65,-65,-65,-65,-65,-65,-65,-65,-65,-65,-65,-65,-65,-65,-65,-65,-65,-65,-65,-65,-65,-65,-65,-65,-65,-65,-65,-65,-65,-65,-65,-65,-65,-65,-65,-65,-65,-65,-65,-65,-65,-65,-65,-65,-65,-65,-65,-65,-65,-65,-65,-65,-65,-65,-65,-65,-65,-65,-65,-65,-65,-65,-65,-65,-65,-65,-65,-65,-65,-65,-65,-65,-65,-65,-65,-65,-65,-65,-65,-65,-65,-65,-65,-65,-65,-65,-65,-65,-65,-65,-65,-65,-65,-65,-65,-65,-65,-65,-65,-65,-65,-65,-65,-65,-65,-65,-65,-65,-65,-65,-65,-65,-65,-65,-65,-65,-65,-65,-65,-65,-65,-65,-65,-65,-65,-65,-65,-65,-65,-65,-65,-65,-65,-65,-65,-65,-65,-65,-65,-65,-65,-65,-65,-65,-65,-65,-65,-65,-65,-65,-65,-65,-65,-65,-65,-65,-65,-65,-65,-65,-65,-65,-65,-65,-65,-65,-65,-65,-65,-65,-65,-65,-65,-65,-65,-65,-65,-65,-65,-65,-65,-65,-65,-65,-65,-65,-65,-65,-65,-65,-65,-65,-65,-65,-65,-65,-65,-65,-65,-65,-65,-65,-65,-65,-65,-65,-65,-65,-65,-65,-65,-65,-65,-65,-65,-65,-65,-65,-65,-65,-65,-65,-65,-65,-65,-65,-65,-65,-65,-65,-65,-65,-65,-65,-65,-65,-65,-65,-65,-65,-65,-65,-65,-65,-65,-65,-65,-65,-65,-65,-65,-65,-65,-65,-65,-65,-65,-65,-65,-65,-65,-65,-65,-65,-65,-65,-65,-65,-65,-65,-65,-65,-65,-65,-65,-65,-65,-65,-65,-65,-65,-65,-65,-65,-65,-65,-65,-65,-65,-65,-65,-65,-65,-65,-65,-65,-65,-65,-65,-65,-65,-65,-65,-65,-65,-65,-65,-65,-65,-65,-65,-65,-65,-65,-65,-65,-65,-65,-65,-65,-65,-65,-65,-65,-65,-65,-65,-65,-65,-65,-65,-65,-65,-65,-65,-65,-65,-65,-65,-65,-65,-65,-65,-65,-65,-65,-65,-65,-65,-65,-65,-65,-65,-65,-65,-65,-65,-65,-65,-65,-65,-65,-65,-65,-65,-65,-65,-65,-65,-65,-65,-65,-65,-65,-65,-65,-65,-65,-65,-65,-65,-65,-65,-65,-65,-65,-65,-65,-65,-65,-65,-65,-65,-65,-65,-65,-65,-65,-65,-65,-65,-65,-65,-65,-65,-65,-65,-65,-65,-65,-65,-65,-65,-65,-65,-65,-65,-65,-65,-65,-65,-65,-65,-65,-65,-65,-65,-65,-65,-65,-65,-65,-65,-65,-65,-65,-65,-65,-65,-65,-65,-65,-65,-65,-65,-65,-65,-65,-65,-65,-65,-65,-65,-65,-65,-65,-65,-65,-65,-65,-65,-65,-65,-65,-65,-65,-65,-65,-65,-65,-65,-65,-65,-65,-65,-65,-65,-65,-65,-65,-65,-65,-65,-65,-65,-65,-65,-65,-65,-65,-65,-65,-65,-65,-65,-65,-65,-65,-65,-65,-65,-65,-65,-65,-65,-65,-65,-65,-65,-65,-65,-65,-65,-65,-65,-65,-65,-65,-65,-65,-65,-65,-65,-65,-65,-65,-65,-65,-65,-65,-65,-65,-65,-65,-65,-65,-65,-65,-65,-65,-65,-65,-65,-65,-65,-65,-65,-65,-65,-65,-65,-65,-65,-65,-65,-65,-65,-65,-65,-65,-65,-65,-65,-65,-65,-65,-65